1349
49 40 28 72 4 18 33 86 23 94 13 51 79 61 68 25 7 60 5 88 2 58 3 21 16 29 85 59 34 100 81 41 26 52 56 15 37 66 39 64 12 89 38 63 35 62 24 10 67 20 36 55 14 97 93 47 48 76 69 95 11 54 70 80 98 74 78 75 71 1 83 22 31 19 65 27 42 6 17 92 30 77 44 90 8 87 9 46 91 73 53 84 50 45 99 82 57 43 32 96
1307
76 33 40 99 34 77 1 45 71 13 38 22 90 64 69 10 2 50 37 53 15 36 60 44 81 43 70 39 78 56 97 67 95 89 20 11 48 61 25 51 14 21 62 8 27 57 47 98 52 24 92 58 74 30 54 29 87 96 3 32 68 73 18 9 42 93 79 41 12 49 19 26 86 91 100 63 46 55 31 66 82 85 75 5 80 4 88 28 94 6 35 59 23 17 84 7 83 72 16 65
1299
44 92 50 93 47 46 36 100 28 89 3 96 13 56 15 49 42 33 16 29 91 97 19 41 62 45 39 40 2 7 17 81 52 73 14 78 75 79 24 4 94 5 55 38 1 21 74 71 70 86 83 30 34 25 10 80 98 66 8 60 9 6 82 26 88 20 12 68 53 48 99 63 65 23 51 27 43 64 32 54 11 95 58 87 77 90 18 57 37 84 31 61 69 59 22 67 76 35 72 85
1406
29 80 56 68 19 52 77 95 34 53 47 93 99 71 9 2 57 69 33 65 58 5 17 40 36 55 22 49 89 64 20 50 37 88 38 42 76 78 11 15 90 59 14 41 82 63 62 25 21 98 48 66 6 18 28 1 31 81 100 24 54 74 32 96 84 83 12 87 30 85 75 91 94 39 45 35 73 16 10 7 13 44 3 51 8 67 86 43 97 92 72 79 60 4 26 61 27 70 23 46
1433
32 55 7 97 75 60 18 72 39 8 1 64 61 84 81 78 51 89 42 90 45 26 16 38 11 95 6 66 22 73 77 74 88 92 21 3 70 86 87 27 85 57 24 68 15 9 47 48 54 4 49 2 50 40 99 82 93 59 100 44 56 62 36 79 76 69 41 96 67 35 33 52 5 91 83 63 94 80 29 28 31 58 65 37 30 13 14 71 25 23 53 43 19 17 10 98 46 20 12 34
1384
46 34 37 78 66 70 22 38 45 86 20 17 82 97 50 79 16 5 62 76 18 68 84 75 93 41 72 25 73 60 21 10 90 99 44 85 100 24 6 35 61 88 59 51 95 3 14 39 33 87 11 74 56 83 26 98 52 71 53 69 65 30 19 2 55 31 29 80 81 89 49 57 42 48 13 15 67 23 28 4 32 92 63 96 27 91 36 58 43 12 54 47 9 40 7 77 94 1 64 8
1375
32 25 28 24 12 44 91 83 13 20 16 62 65 33 46 72 85 64 38 98 84 9 45 56 18 95 63 14 93 82 59 88 5 23 6 97 73 77 35 49 75 2 7 43 78 37 53 39 4 99 19 79 67 15 54 87 52 96 92 81 80 71 26 55 34 60 48 86 61 100 8 10 58 27 70 41 94 1 31 3 66 51 68 29 22 74 50 90 69 89 30 11 76 36 21 40 57 47 17 42
1328
44 42 46 12 31 81 88 20 45 37 6 40 90 98 84 30 77 23 82 5 17 92 67 10 36 47 80 28 21 64 71 94 53 73 99 41 34 35 14 51 65 4 79 63 93 66 25 49 97 55 18 91 89 78 58 56 62 27 52 19 69 39 2 24 9 26 16 8 29 100 86 96 1 43 95 48 60 7 15 74 83 85 50 33 68 70 54 57 11 13 75 32 38 87 22 3 76 59 61 72
1267
71 35 31 19 40 38 57 39 99 92 13 33 97 8 24 5 85 34 16 4 9 95 96 93 29 23 20 84 69 47 49 75 10 32 2 3 15 1 17 48 83 79 76 60 98 94 80 53 64 86 18 61 78 28 59 7 45 50 51 89 22 27 91 30 36 6 46 66 44 42 56 21 14 26 77 37 68 82 55 67 41 87 52 65 81 43 90 54 11 88 70 72 58 73 74 25 63 12 62 100
1457
2 22 45 30 50 54 92 58 77 82 94 25 36 75 76 6 97 38 91 72 14 51 96 9 90 40 27 80 8 95 7 29 67 70 49 93 16 12 61 79 43 81 1 19 62 87 18 66 46 65 41 60 47 64 44 24 10 85 89 100 56 71 5 83 48 33 32 78 55 98 17 15 13 88 21 4 84 53 69 37 34 35 59 20 68 23 99 74 86 11 42 52 73 3 57 39 31 26 28 63
1362
60 48 10 86 45 25 80 33 2 37 58 4 35 97 70 77 100 66 62 27 74 6 76 47 30 57 56 99 17 39 75 12 46 82 73 11 41 19 89 85 98 94 38 91 87 22 18 7 54 88 67 83 13 16 78 24 51 79 49 21 93 1 53 65 42 90 50 52 95 23 92 36 32 71 64 96 29 55 69 20 72 44 5 84 3 61 15 81 28 31 40 59 34 26 8 68 14 43 63 9
1416
18 93 85 45 24 39 99 72 12 70 82 10 37 47 48 42 86 67 65 19 8 97 73 61 36 5 33 27 66 41 78 53 51 100 44 34 95 2 25 17 3 96 4 35 21 43 54 79 30 77 57 40 71 64 20 9 6 14 23 31 1 52 46 16 62 56 89 58 60 87 84 88 83 28 80 75 49 90 32 55 98 59 22 76 94 26 38 74 15 69 7 13 81 92 29 11 50 63 68 91
1493
95 16 86 37 33 40 74 97 4 72 30 92 91 38 53 100 46 15 8 68 85 7 93 88 65 13 34 90 76 28 55 1 20 70 73 52 39 47 6 42 60 5 99 43 94 89 21 59 12 51 54 22 35 66 31 83 41 24 69 26 96 84 48 25 18 71 23 45 49 32 80 14 36 11 64 9 87 62 50 81 78 82 61 2 44 58 29 56 19 75 63 17 79 10 67 77 98 3 27 57
1475
11 67 15 61 78 66 73 3 33 75 95 88 51 93 43 55 82 99 16 50 94 22 48 37 24 42 97 96 81 27 46 25 44 71 13 62 8 79 14 49 83 28 63 39 9 10 20 56 54 6 59 17 21 89 69 58 53 74 72 5 90 26 1 32 19 23 87 18 76 7 60 57 77 70 84 100 38 64 86 52 91 98 35 31 30 4 45 34 47 68 12 40 92 2 80 36 41 29 65 85
1453
54 24 34 38 49 87 86 22 30 92 8 70 3 26 23 88 85 58 73 40 6 69 68 63 96 62 35 45 20 44 47 11 79 43 83 31 15 28 46 91 10 39 5 66 74 97 60 2 1 32 50 42 53 48 21 82 64 9 98 37 89 56 27 25 17 29 4 76 18 55 57 78 84 59 14 93 65 81 77 75 61 95 41 94 71 99 7 90 36 100 33 80 12 51 16 13 72 67 19 52
1469
34 78 15 27 58 79 23 4 14 99 48 3 31 86 52 71 42 16 10 21 57 90 62 76 54 25 93 33 63 45 96 94 87 18 8 97 7 55 75 38 35 11 41 72 12 47 28 68 30 43 9 20 5 2 13 64 73 74 49 81 83 69 24 51 50 40 85 26 22 95 100 32 84 98 66 89 92 53 17 39 46 1 60 65 29 88 37 80 59 36 82 70 19 67 91 77 6 56 61 44
1337
99 54 6 32 76 49 79 39 9 30 24 92 29 12 69 67 98 81 90 20 1 73 41 97 64 95 33 25 94 15 68 47 66 62 70 46 40 21 86 91 13 45 37 55 75 58 60 48 57 84 22 52 18 36 5 93 28 38 96 80 3 61 89 77 11 43 59 2 78 56 71 51 31 53 7 19 10 83 23 8 74 35 50 42 17 27 87 82 14 44 88 34 63 72 26 65 100 4 85 16
1295
88 6 63 74 44 2 62 24 69 52 48 72 79 67 92 18 8 30 90 31 61 10 37 25 71 86 9 68 87 41 49 59 77 65 89 34 66 99 45 57 55 93 26 73 17 43 39 20 27 15 96 91 21 60 11 75 70 53 95 82 3 19 84 80 35 36 97 7 22 85 38 47 32 33 56 78 1 83 94 28 13 4 51 12 29 81 58 23 5 40 98 54 64 16 42 14 76 50 46 100
1423
39 2 18 33 81 10 4 48 91 76 51 7 34 47 72 59 83 46 13 61 32 40 65 73 5 80 86 77 52 1 6 3 70 44 82 38 16 19 21 58 78 92 64 12 53 50 93 28 84 63 99 36 15 29 26 100 11 54 67 9 35 30 71 55 74 8 69 14 89 85 96 42 98 88 22 17 87 79 25 23 37 62 75 97 94 60 31 43 49 57 27 68 56 41 24 95 45 20 66 90
1392
47 23 11 86 56 52 32 90 79 39 12 15 31 16 69 9 66 77 92 57 76 67 18 99 72 78 27 91 50 4 22 37 43 13 36 26 17 73 2 71 25 28 24 45 42 93 35 19 100 88 38 60 48 59 20 30 14 94 34 61 87 62 83 33 65 85 3 74 54 82 55 96 40 98 41 70 68 29 7 1 44 49 81 63 80 95 5 84 10 58 46 21 51 64 8 53 6 75 97 89
1333
26 22 84 59 34 1 35 70 55 71 46 80 66 67 63 61 50 85 57 64 51 10 7 49 96 88 82 86 36 91 29 52 11 15 53 32 6 33 4 68 18 30 54 13 23 40 39 42 21 73 89 41 90 9 98 94 93 17 62 92 28 16 78 76 2 27 79 5 38 69 47 56 19 8 77 72 97 95 3 45 75 48 43 12 60 100 74 99 14 20 37 65 83 44 87 25 81 58 24 31
1440
54 77 75 21 97 81 80 33 47 28 35 82 87 37 61 62 46 52 78 86 99 11 69 34 17 26 94 98 41 22 4 66 53 36 29 14 31 51 38 20 9 90 45 25 89 84 68 19 85 93 23 59 71 72 3 92 65 13 91 7 96 58 32 64 49 27 12 30 10 95 1 18 55 50 73 16 2 63 24 76 83 48 57 6 5 44 15 100 60 43 88 70 74 56 67 39 42 79 8 40
1436
17 44 54 20 53 11 71 87 39 16 19 18 37 68 1 86 96 51 33 13 49 2 28 45 42 95 5 6 21 36 38 92 35 56 40 91 9 31 57 74 23 88 80 79 8 82 78 62 64 26 84 72 25 67 52 59 70 43 98 75 46 55 77 89 83 58 90 10 65 15 14 50 85 66 97 34 94 99 24 41 3 29 32 12 76 60 63 73 48 47 93 100 81 7 61 4 22 69 30 27
1400
49 7 92 70 33 48 18 1 17 20 30 9 21 80 34 46 75 64 89 22 40 59 74 39 35 36 43 81 37 63 56 73 26 99 38 41 90 97 65 15 60 82 96 11 14 95 85 44 84 91 32 67 55 66 5 8 19 50 100 87 31 68 72 98 47 29 42 86 28 77 71 54 45 13 53 16 57 83 88 23 58 3 52 4 79 6 76 51 25 27 94 61 2 10 69 78 62 93 24 12
1349
88 64 97 98 32 11 63 16 13 15 50 25 76 92 90 14 83 40 72 89 33 93 65 39 49 70 100 54 27 6 94 20 99 82 57 19 56 69 22 67 73 43 46 53 51 37 41 42 23 30 79 84 60 47 71 36 87 24 21 95 3 66 68 58 26 45 10 52 35 61 18 81 74 34 1 78 86 62 8 59 91 80 9 28 75 48 77 29 12 17 96 5 38 2 55 44 7 4 31 85
1373
16 12 19 88 24 93 38 43 36 90 7 46 41 64 35 18 62 83 21 48 98 76 26 5 54 84 78 29 42 32 63 94 30 9 22 89 75 20 99 33 49 85 50 3 60 55 73 45 31 13 91 77 27 8 72 81 95 47 80 61 56 51 37 39 74 1 92 14 79 100 97 10 11 96 87 82 40 67 2 15 66 52 68 59 28 17 57 25 4 23 69 44 86 65 70 34 53 6 58 71
1497
44 35 59 2 100 96 6 66 73 85 20 84 78 23 91 71 95 72 54 62 76 56 43 65 41 82 79 34 31 24 30 89 45 87 4 81 27 40 57 47 60 17 26 53 86 49 38 50 74 75 94 19 68 5 3 52 7 48 58 1 90 69 29 99 63 22 14 13 46 77 70 21 37 93 64 33 97 55 80 18 98 88 16 42 83 32 9 51 92 25 11 67 39 12 28 8 61 36 15 10
1364
92 65 75 66 23 73 22 60 54 46 83 74 20 97 80 19 7 70 35 51 43 27 76 18 67 84 29 16 42 86 53 63 10 31 50 57 100 13 36 30 1 82 32 58 8 26 56 24 52 49 14 9 94 37 87 17 3 88 5 15 25 40 81 79 77 93 95 38 61 90 78 47 55 68 71 85 62 59 89 98 72 12 41 2 99 34 39 28 69 33 11 48 21 91 64 4 96 6 44 45
1394
21 54 91 37 65 89 35 96 83 8 9 98 36 50 11 13 92 18 62 56 12 99 48 77 71 27 1 28 52 19 23 4 40 90 2 16 55 30 14 34 6 51 68 70 64 84 15 41 49 88 25 31 46 32 66 85 20 61 42 79 60 81 17 7 93 33 5 39 87 29 80 97 73 22 26 3 10 76 67 69 59 72 44 100 38 53 94 43 24 58 47 74 75 57 82 86 95 63 78 45
1453
84 76 79 10 63 17 19 58 35 37 93 65 52 77 38 82 30 91 1 7 16 97 43 6 21 40 73 83 62 53 89 56 8 42 60 57 15 72 34 81 85 45 27 2 54 86 25 71 24 99 4 80 64 49 44 29 48 98 46 69 32 67 11 87 55 90 88 5 61 9 12 94 74 47 50 36 33 31 75 51 96 78 66 22 68 23 3 59 39 100 41 14 92 20 13 18 70 26 95 28
1330
52 46 38 62 39 99 68 84 72 6 31 7 24 71 26 25 56 22 30 85 14 96 79 23 53 18 58 2 35 9 63 49 92 100 8 73 97 45 57 17 78 80 76 82 44 88 69 43 50 61 55 95 29 59 1 66 15 47 16 34 5 93 13 51 83 98 48 67 4 41 75 19 10 32 90 42 33 20 91 54 77 89 81 28 27 37 11 36 3 12 64 70 60 74 40 65 94 87 21 86
1551
24 20 14 90 50 4 87 83 67 95 40 28 33 93 63 76 97 75 98 77 42 68 5 26 66 80 91 13 30 49 21 51 59 3 41 25 39 65 36 17 84 72 6 43 70 79 2 89 55 34 78 71 62 29 61 44 7 88 53 32 12 69 86 81 54 16 94 35 38 48 64 100 10 60 56 45 18 73 11 22 47 85 15 74 99 52 31 8 82 46 9 37 92 96 57 19 1 58 23 27
1473
1 83 98 55 28 71 8 57 4 85 26 72 11 77 74 63 43 42 88 93 91 27 47 51 21 37 78 9 64 40 31 33 70 53 22 90 76 32 68 49 2 29 34 56 39 30 62 36 100 15 73 82 58 5 97 75 52 99 60 44 18 79 59 61 23 24 69 96 3 84 20 65 54 17 46 13 25 19 7 10 81 94 12 80 66 86 6 38 35 16 50 92 45 87 14 95 67 41 89 48
1337
45 51 77 14 72 84 7 53 9 33 21 60 71 99 42 10 43 83 31 46 76 90 24 78 4 79 54 52 65 97 63 18 3 61 20 86 23 34 75 66 32 48 68 11 8 81 41 69 26 37 1 96 95 94 88 30 56 73 87 70 59 50 13 2 6 100 29 57 39 49 5 80 55 27 92 22 36 67 98 64 12 15 82 62 16 47 85 38 35 93 44 25 28 19 89 17 58 40 74 91
1408
83 42 64 30 53 12 57 18 90 80 43 72 51 49 88 76 5 10 96 55 85 41 58 45 37 84 16 66 78 47 22 93 48 2 50 100 35 61 77 74 13 86 89 7 1 59 60 40 19 28 26 38 71 4 33 69 67 70 56 82 52 3 98 23 97 36 99 54 17 62 14 27 15 68 6 44 34 32 24 81 79 94 20 11 73 21 25 65 46 92 31 29 75 91 63 9 8 95 87 39
1385
3 43 42 95 49 44 52 7 1 45 72 25 97 68 83 8 93 77 81 56 59 36 47 65 24 6 78 89 13 53 12 19 55 11 100 57 41 64 17 80 86 94 99 27 70 69 66 34 82 85 26 18 67 16 98 74 63 9 96 28 2 88 23 60 62 10 33 14 73 61 48 20 58 21 84 46 79 31 51 29 40 75 87 91 30 22 50 39 5 35 32 54 4 38 15 37 71 76 92 90
1346
31 22 65 49 33 70 51 53 81 95 52 55 71 84 90 27 12 56 30 23 97 20 4 38 69 72 92 7 57 98 1 17 5 74 62 85 61 29 66 19 94 87 18 73 16 36 46 2 60 48 59 8 79 76 14 75 40 99 28 44 39 37 58 32 15 68 3 26 88 13 83 41 47 89 91 93 77 50 11 25 35 9 82 67 24 80 54 64 6 78 100 43 96 45 34 63 86 10 21 42
1373
50 45 75 55 90 32 6 79 62 43 89 21 51 76 47 94 81 68 73 56 60 15 25 98 59 69 34 71 84 44 82 80 67 11 46 8 19 95 33 64 42 20 39 49 31 18 30 4 37 28 97 29 70 92 7 99 61 72 3 54 66 93 36 96 23 38 27 77 85 65 78 86 58 10 87 63 57 41 48 88 22 91 2 17 5 53 1 14 100 9 26 35 40 12 13 16 24 74 83 52
1322
43 68 85 8 91 30 87 38 37 29 15 12 92 78 64 11 77 51 35 44 53 42 89 32 76 28 13 99 31 48 45 26 23 70 41 57 1 71 100 97 19 54 79 81 75 50 86 20 83 93 88 98 67 58 34 69 62 16 7 25 95 74 55 56 17 65 63 24 27 3 96 61 94 52 39 60 33 47 5 4 18 22 59 36 6 90 73 66 40 46 9 2 84 80 10 72 21 14 82 49
1344
70 71 64 55 68 99 48 3 20 83 54 39 45 61 91 16 28 34 95 58 10 78 44 38 25 21 31 12 7 52 92 98 77 89 33 2 97 47 69 66 15 73 9 1 94 30 19 17 59 72 65 49 22 41 86 32 11 18 57 76 36 90 67 6 85 40 75 88 82 84 46 100 96 23 63 56 87 5 50 35 24 53 4 51 8 74 43 42 79 37 13 60 62 27 14 26 80 81 93 29
1386
24 9 96 93 45 40 26 35 49 3 81 17 100 42 34 37 12 5 47 92 18 67 77 56 99 32 38 69 61 86 8 85 73 65 83 87 55 88 19 10 78 20 59 75 13 4 36 64 39 22 72 57 94 52 2 74 51 44 16 15 28 31 50 25 62 21 84 90 27 71 6 46 53 33 23 98 7 60 91 58 11 89 63 41 43 66 82 48 70 80 97 1 95 76 54 30 14 68 79 29
1345
67 87 44 85 98 18 10 61 65 14 84 33 53 76 27 46 79 74 39 91 94 66 95 15 82 35 2 83 100 78 51 19 99 69 96 62 37 34 12 25 43 75 7 86 28 72 22 56 23 63 13 24 16 50 21 40 41 57 64 30 17 42 81 89 3 26 45 70 36 5 29 97 77 88 71 32 54 49 4 31 80 59 92 20 48 58 1 11 60 73 38 6 8 47 55 9 93 68 52 90
1326
32 39 13 29 97 7 76 94 22 71 47 42 4 44 35 25 59 79 27 56 70 62 58 67 63 16 89 19 53 61 38 81 3 30 100 91 80 20 77 26 40 9 98 54 51 8 28 84 15 14 10 36 86 45 50 96 31 75 12 66 95 87 48 23 78 68 21 18 99 6 85 64 69 82 2 90 24 74 52 55 60 11 17 37 41 92 93 49 73 34 5 88 46 33 65 57 72 1 83 43
1324
74 85 8 48 53 30 42 64 72 57 37 59 33 23 35 62 22 89 29 93 91 18 14 6 65 63 86 83 50 21 25 78 16 11 41 12 51 54 66 94 68 84 55 60 45 95 5 38 43 80 92 76 56 58 17 40 13 88 67 7 79 47 96 39 20 24 70 69 46 4 87 81 15 2 27 99 36 10 90 98 31 28 100 52 49 77 19 71 3 34 82 73 97 75 26 44 32 61 1 9
1468
24 51 71 62 82 27 60 93 5 43 16 91 35 37 56 34 85 10 50 72 81 14 61 90 28 78 63 44 58 69 15 64 3 86 98 30 31 65 9 23 41 89 92 26 88 68 75 67 21 76 48 73 25 87 99 6 52 11 2 95 39 59 32 29 84 13 79 80 42 77 49 40 19 1 74 18 38 22 96 33 97 45 54 12 47 36 20 83 53 7 100 8 17 46 55 57 94 66 70 4
1283
56 40 18 59 70 52 3 57 49 90 53 87 60 62 50 10 28 95 7 45 9 96 77 12 93 80 31 88 48 33 38 34 74 30 25 85 13 16 99 84 21 4 82 24 91 15 75 6 94 76 2 64 29 23 41 22 17 67 100 32 97 63 69 37 27 8 79 11 58 92 51 26 78 81 14 35 68 43 73 36 46 20 39 61 54 5 89 55 65 47 44 83 1 71 98 66 86 72 42 19
1395
48 80 40 41 35 71 37 94 98 64 15 63 38 66 99 73 83 29 17 45 49 55 2 56 68 59 33 96 89 78 26 42 52 69 82 5 58 18 100 6 16 25 85 46 65 93 81 88 76 97 11 4 34 47 72 10 79 77 9 61 91 67 57 70 14 13 23 39 32 87 51 12 74 8 19 90 24 75 22 31 7 44 30 50 21 20 54 36 95 92 28 53 60 43 86 62 27 3 1 84
1418
41 52 53 33 31 92 18 14 72 85 49 5 10 93 84 99 25 30 29 3 56 34 44 4 27 100 58 16 71 63 98 96 15 89 54 9 67 77 65 94 51 45 62 68 40 86 39 43 46 82 32 78 60 91 8 22 23 28 73 79 76 95 38 81 13 69 42 90 75 59 70 37 24 20 7 21 88 2 61 87 74 83 47 1 57 64 19 97 12 55 80 26 36 66 6 48 11 17 35 50
1495
92 8 82 42 96 72 80 1 91 59 2 4 47 23 28 26 51 9 81 16 13 30 27 56 32 79 75 61 84 3 45 44 55 85 24 12 67 35 40 29 34 71 63 89 60 86 18 19 21 25 88 41 97 50 37 66 90 93 15 70 31 7 33 48 64 20 87 73 74 52 94 22 58 77 43 5 76 53 99 39 6 100 68 78 36 17 98 69 10 83 62 11 46 57 54 65 95 49 14 38
1368
9 91 29 17 42 28 38 64 14 61 53 24 75 32 5 60 18 62 25 48 96 86 77 6 78 49 10 44 52 26 57 74 59 39 20 72 35 19 92 80 76 84 71 55 11 63 98 85 12 66 34 3 54 50 31 94 43 87 36 21 33 70 27 65 81 16 47 13 93 88 97 99 45 8 40 7 73 30 1 41 83 23 100 46 90 56 2 68 82 15 89 4 51 79 37 22 67 69 95 58
1081
95 6 97 28 13 66 71 96 68 18 4 31 38 58 22 67 34 93 94 80 1 10 43 54 2 14 27 3 26 51 76 53 77 17 16 56 65 29 21 78 36 25 79 42 15 7 85 35 87 8 30 92 44 90 64 39 52 50 83 19 72 57 48 41 62 5 32 46 98 60 9 40 63 81 91 70 69 37 45 49 55 84 33 89 11 12 24 73 47 88 82 59 75 74 23 61 86 99 20 100
1081
47 63 71 89 56 22 46 27 74 31 55 20 61 77 34 25 1 82 16 92 59 66 45 100 8 18 62 96 49 41 43 19 95 68 98 28 57 65 53 11 15 48 3 52 88 76 36 12 87 67 14 2 90 26 79 5 69 21 99 78 32 17 50 70 84 33 83 64 93 75 37 44 7 72 39 86 94 38 40 73 58 10 81 42 4 23 35 24 13 9 54 80 85 6 97 51 29 60 30 91
1081
24 37 32 89 54 23 71 20 27 46 65 4 56 12 1 48 10 55 81 8 95 5 6 42 14 30 100 19 79 85 60 98 88 73 80 92 47 58 82 43 77 49 40 13 51 16 64 72 91 76 33 97 87 69 62 25 36 15 53 86 50 22 34 18 35 31 75 66 61 41 84 11 70 67 26 2 3 96 44 28 45 29 74 90 21 17 63 83 39 78 94 38 7 59 57 9 93 68 99 52
1081
16 74 49 42 37 52 91 80 32 77 62 59 3 76 43 7 5 63 46 99 68 69 1 28 21 26 29 20 100 4 12 15 13 41 35 87 65 56 98 47 10 44 93 61 51 96 6 39 97 22 33 34 95 57 67 25 19 92 94 83 38 88 55 18 40 53 54 73 9 90 24 70 23 78 64 14 48 2 27 82 36 72 11 58 71 75 30 45 79 81 8 17 66 31 85 86 50 89 60 84
1081
16 98 20 49 48 85 4 74 29 56 6 28 65 90 59 21 40 13 68 23 1 18 17 22 9 42 60 47 87 5 76 27 71 58 94 80 78 55 7 57 2 96 83 39 3 84 54 34 37 69 67 99 33 31 97 24 35 38 100 52 50 62 77 32 19 41 10 36 73 61 15 93 25 14 75 53 86 95 89 66 88 11 8 12 26 45 44 30 63 79 81 43 51 70 72 46 92 91 82 64
1081
10 55 18 19 57 64 22 44 88 8 87 45 34 56 62 33 85 27 52 28 39 1 9 36 72 11 49 48 16 37 53 94 38 25 99 12 47 71 96 50 95 13 84 7 92 78 100 4 26 31 61 66 75 3 42 20 79 91 86 15 98 58 5 81 6 2 74 63 90 80 35 30 21 17 43 82 67 97 54 46 93 65 68 51 76 77 59 29 23 70 32 83 89 24 73 40 69 41 14 60
1081
24 28 12 69 20 98 86 9 37 72 97 36 46 75 14 19 22 29 59 5 58 94 34 87 55 18 71 100 47 73 74 49 48 95 91 67 62 21 89 17 99 66 51 85 68 61 13 53 44 3 23 96 35 8 27 70 80 32 6 90 45 25 64 54 39 41 82 38 81 11 84 83 43 65 30 4 50 7 15 42 16 56 78 92 77 57 93 88 2 1 60 63 52 79 26 76 31 10 33 40
1081
40 95 8 52 69 38 53 72 57 31 97 36 20 14 33 55 61 78 85 68 94 100 41 32 6 60 70 24 15 64 25 98 65 90 87 12 21 10 92 30 22 49 73 44 7 93 80 91 62 18 79 17 5 16 26 28 23 76 19 45 43 82 4 63 51 39 47 37 35 81 89 42 88 13 99 86 1 29 34 84 48 58 66 2 75 59 46 54 71 9 3 50 56 27 11 74 77 67 83 96
1081
24 94 72 7 99 21 84 50 35 69 13 14 27 15 40 58 56 61 30 49 68 98 2 91 20 32 81 6 88 82 63 16 64 4 39 54 9 51 78 44 86 8 85 96 53 23 60 18 31 55 79 52 28 48 71 47 100 92 70 97 38 83 77 90 29 62 17 37 10 33 45 76 19 22 11 59 43 1 73 26 67 93 74 12 87 5 3 75 34 95 66 46 36 80 42 25 41 57 65 89
1081
26 18 51 82 92 81 54 8 99 50 1 67 16 28 42 9 2 76 87 66 98 34 64 63 10 55 35 27 83 46 39 3 52 71 78 13 4 32 19 70 62 37 23 41 6 94 57 91 74 56 48 59 77 58 44 25 84 20 75 24 100 73 97 30 69 61 79 90 29 21 17 47 15 85 22 14 96 38 86 93 43 7 72 68 60 33 65 5 89 49 88 12 45 36 31 80 95 40 53 11
1081
44 2 97 56 67 57 65 14 64 24 49 58 77 35 6 9 31 4 23 62 52 100 93 92 81 55 95 40 27 79 12 41 69 99 63 54 32 45 89 94 37 73 78 51 19 38 39 85 98 36 25 21 13 84 26 61 68 28 71 74 15 48 11 86 33 20 47 43 7 76 60 70 18 91 75 22 34 10 72 53 96 80 46 42 83 87 66 29 50 88 30 3 59 16 82 90 5 17 1 8
1081
23 34 31 45 68 70 42 37 99 53 89 76 84 25 55 19 98 82 35 65 17 48 46 38 22 92 54 83 12 63 32 79 61 93 66 14 2 90 10 16 20 52 73 8 4 9 43 13 87 15 80 91 24 50 57 7 33 3 40 94 41 81 28 30 21 64 49 86 1 36 60 26 85 6 51 97 5 77 29 18 96 72 58 78 67 59 75 95 62 11 69 39 56 71 27 47 88 74 44 100
1081
2 37 96 11 70 90 60 52 87 21 83 25 53 19 40 58 97 4 46 26 5 29 61 22 31 68 34 24 62 44 55 6 63 39 84 18 48 66 14 93 79 43 15 74 7 99 73 9 100 57 38 65 13 86 67 45 10 71 12 32 17 54 16 95 28 30 3 85 33 42 27 91 81 36 82 51 92 88 98 49 47 76 59 20 35 89 23 80 69 1 8 75 56 41 72 94 77 78 50 64
1081
2 83 75 5 47 11 69 50 68 51 26 60 99 24 37 64 41 63 48 34 15 85 97 4 59 45 86 9 74 77 17 96 73 23 32 91 100 66 70 76 58 49 12 42 10 72 84 7 8 89 78 90 33 13 94 87 30 22 14 95 55 80 29 19 39 61 67 1 71 52 54 53 82 3 6 38 65 92 20 25 46 27 18 31 36 40 81 57 28 62 44 43 35 98 88 79 16 93 21 56
1081
25 71 6 28 91 94 65 63 99 46 48 80 11 49 83 33 37 30 56 38 14 72 67 68 32 78 22 62 35 85 88 79 15 97 26 31 54 24 93 36 3 59 19 10 89 58 66 9 8 23 29 61 47 60 69 95 52 16 18 77 87 12 2 75 45 51 7 44 98 39 70 41 42 92 34 76 81 84 82 40 50 100 96 64 20 13 17 73 86 90 27 1 53 43 21 5 4 57 55 74
1081
43 63 54 37 14 7 1 62 72 41 2 88 42 91 68 31 40 61 6 3 92 49 71 47 23 50 9 78 60 32 51 11 94 96 76 33 10 38 48 55 90 8 64 24 56 82 25 20 70 12 81 89 46 52 39 100 59 35 98 73 45 74 66 77 85 28 36 57 15 84 99 75 29 18 22 5 87 69 65 26 93 34 19 44 95 79 83 27 67 86 21 53 4 13 58 30 80 97 17 16
1081
79 80 28 63 48 60 82 18 66 7 54 39 85 51 1 100 78 33 58 32 83 31 74 43 49 57 93 17 8 81 24 22 21 44 36 12 64 59 99 5 47 9 90 94 76 41 77 4 37 30 65 14 23 10 27 50 2 13 88 96 73 87 52 62 56 25 42 46 20 68 72 71 38 97 92 26 84 95 98 6 53 91 67 86 70 55 11 19 40 29 15 45 69 34 16 61 89 3 75 35
1081
65 100 72 11 67 13 56 45 24 94 36 28 62 84 20 88 31 73 76 59 69 35 49 29 80 90 19 14 86 27 18 41 5 43 85 93 50 64 17 3 10 21 30 89 74 7 37 1 70 63 16 68 92 71 40 2 82 55 4 47 81 57 9 75 95 8 22 42 66 38 25 77 58 79 54 51 12 32 26 99 46 34 96 48 23 53 60 78 44 98 6 91 87 15 33 52 61 83 39 97
1081
90 27 45 19 4 3 89 64 72 58 100 39 62 55 48 92 50 21 73 79 81 61 11 33 87 14 32 18 54 51 7 2 22 88 95 74 6 53 30 56 31 71 34 41 69 8 17 46 13 84 38 99 1 57 94 66 16 83 52 12 35 78 42 26 96 49 20 67 68 63 10 5 24 85 43 37 93 65 91 47 77 76 25 98 86 75 23 97 28 44 70 80 82 36 29 59 9 40 60 15
1081
100 62 27 80 45 8 46 97 70 40 54 76 95 50 31 32 5 29 91 44 4 78 99 58 60 19 57 67 94 53 75 86 10 15 66 48 38 56 33 71 47 43 9 59 89 16 2 51 84 25 24 55 37 93 3 82 28 63 83 87 17 39 11 41 1 81 23 72 22 98 49 26 61 85 77 35 92 18 34 36 69 64 42 6 7 68 90 88 12 96 30 13 79 20 14 52 65 74 73 21
1081
93 65 41 23 84 28 26 70 21 78 15 80 100 88 59 51 81 98 64 10 76 63 7 50 58 13 85 43 87 38 66 55 52 34 91 72 57 89 40 49 79 3 86 74 18 82 68 48 2 75 99 14 77 8 19 22 92 46 5 9 71 24 45 29 20 17 61 1 69 37 54 90 12 47 44 36 27 33 16 60 97 4 53 31 62 56 94 35 25 73 42 11 83 39 6 67 96 95 30 32
1081
70 90 83 14 55 84 31 47 29 100 52 10 20 16 79 21 6 53 99 27 36 94 68 30 72 39 87 69 4 34 54 18 73 44 17 25 58 3 23 85 19 9 89 8 75 56 37 82 92 67 35 11 98 59 1 49 60 57 93 61 32 13 22 95 42 12 33 77 40 81 64 80 88 7 62 71 86 78 43 2 50 41 28 96 45 66 63 48 46 15 97 76 65 91 5 51 38 26 24 74
1081
76 85 22 77 83 59 51 53 21 12 74 18 94 82 23 55 16 90 40 38 89 61 86 36 3 25 69 6 7 65 80 58 93 81 20 4 49 33 14 46 30 54 63 35 29 71 91 2 15 52 68 39 1 13 50 28 48 45 31 10 84 62 37 44 75 17 43 19 66 79 57 5 9 56 92 72 60 100 24 98 96 78 26 88 64 11 97 42 47 99 34 8 67 73 87 70 27 32 41 95
1081
64 4 89 47 69 8 51 39 62 16 18 43 44 60 22 95 20 88 85 13 17 70 9 2 37 19 6 75 54 55 46 23 48 52 26 53 90 10 5 83 32 74 73 28 21 15 77 93 71 41 67 66 42 92 76 59 87 68 86 11 1 35 99 31 91 96 72 27 82 3 100 49 7 12 57 97 29 84 61 50 38 34 98 65 79 24 81 36 33 78 58 30 25 14 56 80 45 40 94 63
1081
78 69 40 56 20 13 81 61 1 42 30 37 72 16 96 98 48 89 38 29 46 32 34 28 8 24 44 100 74 5 17 66 76 33 85 3 50 97 86 92 47 94 41 90 45 22 52 65 67 88 79 27 53 95 51 99 73 6 84 93 58 12 60 11 10 54 62 57 36 70 43 83 87 49 77 25 23 9 19 82 55 7 35 63 80 4 59 21 75 14 18 71 91 64 15 2 26 68 31 39
1081
10 60 66 47 40 72 33 30 20 31 18 28 39 64 81 77 68 63 32 46 15 71 65 38 57 54 74 83 87 69 9 24 43 55 67 11 22 80 41 70 7 90 17 94 62 35 58 78 37 52 21 92 48 45 99 82 19 42 98 61 26 51 34 93 100 29 84 3 56 53 50 27 5 75 1 96 23 8 14 36 49 85 89 95 16 6 86 59 73 2 76 4 25 97 13 88 91 79 44 12
1081
49 90 24 25 37 98 42 84 31 34 20 41 28 82 21 36 53 69 51 62 89 48 55 91 85 30 43 50 29 23 6 12 39 17 9 97 77 27 22 16 79 96 11 52 46 68 58 80 8 74 44 33 73 78 83 59 38 86 13 2 35 60 95 88 15 26 75 40 32 14 99 54 66 64 1 10 100 18 81 67 61 19 47 5 94 3 76 72 92 87 63 70 45 57 71 7 56 4 65 93
1081
80 43 14 67 83 26 20 13 38 19 29 57 36 1 16 31 98 48 86 21 32 58 40 47 33 8 75 59 64 94 9 28 2 88 18 65 5 84 69 93 42 49 52 15 60 74 72 62 12 96 34 6 97 4 92 77 73 44 61 23 91 87 53 25 68 79 78 41 100 7 76 39 35 55 22 81 17 30 63 70 56 3 45 71 46 10 51 82 66 95 11 37 85 24 99 89 90 50 27 54
1081
42 51 66 4 72 65 15 33 57 16 39 86 26 14 35 73 3 85 81 41 75 69 82 38 77 96 34 10 29 37 19 94 50 23 25 12 100 98 18 88 22 7 28 44 71 74 36 40 52 24 54 27 68 2 49 64 47 70 67 95 9 17 11 84 87 13 83 46 20 55 31 8 97 30 79 43 92 59 1 63 90 61 58 60 78 99 56 89 93 62 45 48 6 21 5 32 91 53 76 80
1081
41 76 26 69 40 50 74 4 3 81 38 37 45 88 13 36 29 54 30 93 68 19 90 59 48 18 33 56 31 28 34 65 49 67 70 84 98 53 62 61 91 83 92 25 1 14 58 89 78 5 72 63 79 9 80 22 71 32 86 95 43 55 39 85 23 27 15 82 60 10 87 52 24 21 51 12 100 44 96 47 46 11 35 17 7 20 8 99 16 66 75 6 2 77 73 57 42 97 94 64
1081
98 80 91 25 58 85 100 88 27 22 17 9 21 68 15 93 10 60 69 61 72 47 59 33 92 65 1 3 19 77 89 90 4 5 83 71 38 12 28 62 75 95 11 55 64 52 96 13 86 81 84 94 50 74 76 70 48 66 39 37 20 7 41 42 18 49 45 53 99 30 35 31 57 24 44 43 54 2 78 29 32 8 87 51 67 16 97 23 63 82 14 46 40 36 6 34 73 79 56 26
1081
16 17 33 40 13 24 93 15 37 29 23 56 78 65 49 58 21 99 61 71 52 48 14 25 96 28 73 76 100 51 77 1 54 64 36 6 66 39 4 84 47 44 34 2 7 50 82 81 59 8 38 85 12 19 45 5 67 35 95 30 41 92 94 57 97 55 20 90 68 31 3 27 87 10 18 69 83 74 88 11 89 70 9 79 98 62 86 80 22 91 63 26 53 43 42 60 46 32 72 75
1081
99 51 84 54 78 58 29 25 94 49 13 45 50 91 1 57 4 36 76 95 44 3 32 14 87 31 38 80 56 72 60 27 85 41 77 82 7 15 63 48 96 74 16 43 81 64 69 11 90 68 53 98 19 5 65 59 9 17 79 61 22 20 39 12 62 97 23 66 2 73 71 55 37 18 6 40 28 26 47 33 100 70 89 93 86 21 8 10 67 30 75 34 24 88 35 52 92 83 46 42
1081
82 1 14 44 81 43 49 32 84 83 80 95 37 55 56 59 66 16 19 8 60 25 71 64 31 23 5 24 65 22 13 21 85 39 2 52 28 34 77 17 92 35 51 26 57 99 79 88 94 72 41 96 91 86 38 61 29 54 93 7 9 67 12 53 90 15 46 4 36 58 20 73 30 98 97 87 76 69 62 100 75 70 63 47 74 11 40 33 68 89 42 10 48 3 6 45 50 18 78 27
1081
84 8 21 24 95 99 44 14 74 77 18 60 67 39 76 86 91 31 41 35 19 12 5 26 83 97 2 75 16 48 81 65 96 47 88 17 93 37 72 92 11 36 63 29 80 25 28 87 68 79 66 90 82 57 3 58 59 34 32 15 56 49 61 94 85 54 45 53 4 51 78 30 10 9 52 100 38 27 73 55 43 70 13 46 7 40 1 89 42 98 6 20 64 62 69 33 50 22 23 71
1081
90 21 66 55 8 74 12 82 95 39 22 52 64 10 65 87 27 73 59 78 71 92 18 49 20 3 42 46 2 67 72 94 7 56 44 6 69 14 51 19 79 81 34 91 96 48 99 62 76 70 1 89 25 100 31 23 54 80 85 24 83 15 57 86 45 77 43 37 97 32 98 17 47 40 29 63 11 9 13 93 26 16 84 5 35 41 4 75 68 88 36 28 58 50 38 33 53 60 30 61
1081
45 48 47 26 17 49 51 76 30 1 29 33 44 100 60 41 34 77 37 38 90 83 64 50 40 6 31 82 73 19 27 96 7 80 22 2 86 36 46 74 14 28 42 9 56 58 25 59 18 93 12 98 75 78 71 97 11 62 72 94 92 20 88 70 13 69 67 15 55 84 89 21 24 63 16 68 39 3 10 95 87 52 32 54 35 5 8 79 23 57 61 85 43 53 65 91 81 99 66 4
1081
25 33 92 6 44 58 37 50 35 19 62 55 85 96 40 45 95 100 23 64 90 68 79 73 71 21 54 22 82 84 77 30 61 27 1 41 4 47 80 99 36 17 70 87 97 57 72 13 81 60 9 3 39 65 48 20 26 16 11 46 43 24 34 53 15 88 38 14 76 66 83 12 94 5 7 67 78 52 10 8 42 31 89 63 51 56 69 18 75 2 29 32 59 28 49 74 93 91 86 98
1081
16 97 85 30 83 93 25 63 65 49 87 55 95 59 99 7 91 3 70 78 15 88 38 4 89 62 5 24 1 19 29 90 31 75 33 48 36 23 76 58 53 94 61 34 42 51 80 98 74 71 60 18 69 22 17 67 79 72 50 43 84 28 12 37 27 47 8 11 73 77 92 26 64 96 81 44 68 32 54 6 39 21 57 13 56 45 20 46 82 41 40 100 2 14 52 66 35 86 10 9
1081
91 33 88 15 64 85 83 28 30 32 48 99 57 67 82 70 7 34 36 24 23 68 61 53 86 13 76 21 8 17 60 4 27 58 5 80 62 41 65 66 97 10 46 84 95 1 39 11 38 25 14 77 98 63 29 73 51 55 45 90 44 94 20 19 69 79 26 92 56 2 37 9 42 74 93 3 71 47 22 31 6 52 75 49 12 43 89 78 59 54 18 50 100 72 81 96 87 40 16 35
1081
19 60 89 95 39 97 94 21 46 59 35 1 9 93 78 74 83 68 47 66 5 16 28 30 73 3 98 65 92 32 7 85 57 62 10 11 71 27 55 87 23 43 50 88 2 12 52 25 40 18 53 70 72 15 22 86 64 44 77 51 61 24 38 80 58 54 91 67 76 69 41 48 17 79 26 84 37 45 33 20 82 29 56 96 13 90 6 36 31 75 63 4 100 34 81 99 42 49 8 14
1081
21 20 43 7 51 8 59 18 98 71 92 81 60 25 91 66 41 1 83 73 67 53 72 22 94 84 55 44 14 58 97 3 17 36 31 65 64 9 47 13 74 76 79 6 49 37 90 75 95 99 26 57 48 12 82 63 27 10 33 30 56 19 23 32 85 16 38 39 40 62 54 11 34 70 80 28 29 88 24 68 15 45 87 89 100 42 69 4 78 35 5 52 77 96 46 93 86 2 50 61
1081
91 77 59 55 48 4 7 43 62 12 18 22 1 8 6 31 82 16 83 58 14 46 37 75 35 13 42 3 21 74 24 5 66 61 56 41 28 19 50 15 51 85 54 52 60 78 45 2 38 29 94 67 80 73 90 57 81 71 95 64 69 96 79 97 47 27 23 49 40 76 93 10 25 100 30 33 87 99 89 11 72 63 65 20 9 92 68 44 53 70 17 34 32 84 98 36 26 39 86 88
1081
57 67 71 55 23 34 37 35 95 3 76 61 10 68 13 40 64 5 45 18 80 1 94 87 93 36 16 58 41 31 47 39 69 92 2 98 15 22 29 81 89 21 85 63 77 11 49 84 19 100 51 7 74 32 4 8 48 79 91 56 59 17 73 38 25 70 24 62 26 14 44 78 54 90 72 12 53 65 99 60 50 66 6 88 52 30 20 97 27 83 86 33 75 82 9 43 46 28 96 42
1081
5 25 56 41 40 78 69 87 31 100 51 97 67 12 33 6 35 84 60 19 55 24 13 54 76 36 94 89 88 80 32 45 42 43 74 29 92 63 71 21 17 11 83 14 62 9 66 22 16 65 30 77 75 81 79 86 93 7 72 52 37 49 44 47 39 3 38 96 46 27 18 2 58 73 59 50 98 91 99 28 15 10 8 68 48 4 95 26 61 20 64 90 57 85 1 34 53 82 70 23
1081
49 76 52 20 51 57 79 89 66 13 58 43 4 61 28 74 12 98 56 27 63 37 75 67 50 71 45 54 53 68 100 64 21 11 44 99 90 10 72 85 9 55 35 39 62 60 17 96 30 26 16 23 40 14 84 86 18 82 32 94 6 97 77 22 69 3 15 29 93 88 2 92 33 48 73 5 91 80 83 19 42 95 81 47 87 7 25 1 38 24 59 65 31 36 46 78 70 8 41 34
1081
71 38 100 31 54 27 70 85 68 46 43 3 37 32 9 30 35 92 97 90 60 39 2 47 14 83 10 8 4 20 93 89 13 61 29 48 36 22 96 86 91 17 28 24 42 58 45 56 94 87 82 51 7 73 5 49 69 41 34 76 59 12 84 23 18 98 44 16 65 19 88 67 50 78 79 52 6 80 11 40 26 57 74 95 25 53 55 66 81 75 64 33 21 72 1 99 15 77 62 63
1081
83 76 34 12 45 2 26 42 24 30 81 10 52 87 88 13 58 1 28 18 62 70 11 40 89 80 73 27 90 31 84 55 97 59 5 36 100 57 75 29 91 25 43 94 3 48 17 21 79 7 82 72 96 37 4 63 16 93 71 86 46 32 38 99 85 98 47 65 20 8 35 49 92 22 44 78 56 64 39 67 77 6 33 68 66 50 69 19 95 9 54 51 74 61 41 53 14 15 23 60
1081
41 98 23 94 81 90 28 59 42 14 62 100 46 33 89 71 37 29 63 99 54 66 7 76 74 97 26 61 5 15 72 77 45 64 44 40 9 50 60 58 11 48 22 92 52 49 20 17 86 80 55 67 85 3 93 51 21 73 43 19 69 96 84 35 82 53 4 36 95 1 87 32 88 79 57 13 68 83 70 47 2 75 6 91 10 30 39 24 8 12 34 56 38 65 78 31 27 18 16 25
1081
49 96 42 24 81 82 95 91 6 100 52 80 44 51 31 36 47 69 2 9 99 75 54 15 64 17 73 79 57 66 86 19 12 38 77 59 53 78 62 88 41 93 87 45 35 85 26 33 11 8 68 48 74 40 28 46 3 63 71 30 97 94 70 67 43 10 84 76 65 92 29 4 5 1 58 37 61 21 7 16 98 23 55 60 50 27 34 13 90 83 18 20 14 32 39 22 25 72 56 89
1081
74 92 32 75 20 23 100 22 35 64 17 16 21 36 67 47 73 12 2 79 7 33 94 10 55 11 41 91 70 58 49 69 53 83 84 99 19 52 63 95 9 51 59 8 93 65 1 62 80 76 68 54 4 81 85 89 5 26 88 50 40 24 97 34 14 15 77 28 30 3 38 48 90 42 13 61 44 37 71 87 46 86 43 31 56 96 57 18 72 60 45 29 98 25 78 6 66 39 27 82
1081
16 72 74 61 44 89 85 43 51 79 70 80 92 46 23 97 29 50 9 94 96 56 76 14 99 53 6 11 75 69 19 65 47 26 3 15 21 7 37 91 84 4 12 18 63 77 62 68 39 38 13 42 71 54 33 57 41 48 98 81 55 83 27 100 36 25 20 2 59 87 78 32 95 40 10 22 58 24 52 73 30 82 67 35 93 45 5 17 86 34 88 31 66 90 60 64 8 49 1 28
1081
21 94 11 32 65 23 41 8 42 16 10 29 24 44 31 63 67 9 81 74 59 43 97 17 56 98 30 69 87 53 36 95 3 70 93 57 40 28 61 12 64 83 4 55 26 14 19 15 35 78 80 5 71 62 18 54 66 52 79 86 7 6 20 82 22 2 37 38 77 39 60 27 96 45 88 85 91 100 48 25 75 1 90 46 73 33 47 13 84 92 51 49 99 72 58 89 68 76 34 50
1081
61 86 31 65 15 56 94 69 34 73 49 32 92 7 98 55 60 58 9 19 81 40 97 95 85 80 76 96 57 71 13 33 22 67 28 35 66 42 99 6 70 3 36 47 88 41 78 8 100 59 37 16 5 87 93 10 77 2 20 1 27 74 30 91 51 17 90 53 25 24 84 48 52 21 38 64 45 26 54 68 29 12 4 75 18 39 72 14 89 82 63 50 83 62 79 23 11 43 46 44
1081
34 3 37 95 2 61 23 24 83 70 44 47 56 63 65 32 84 88 41 94 69 19 12 26 45 29 72 51 74 13 9 15 80 78 73 21 57 22 90 75 46 18 38 86 76 48 50 54 1 77 11 79 68 85 62 71 97 53 8 31 43 100 6 33 36 87 93 92 59 7 82 10 28 52 5 39 35 17 30 25 64 14 16 66 91 81 96 60 4 20 99 49 42 40 27 89 98 55 58 67
1081
61 42 15 76 71 57 85 86 72 28 38 48 26 11 77 66 41 21 93 94 3 5 53 97 96 65 98 35 89 25 33 50 40 16 7 55 30 34 36 99 59 9 75 19 8 74 78 47 2 95 46 67 1 62 17 20 60 100 64 58 87 56 13 83 6 43 18 37 81 24 84 54 69 32 23 45 52 68 31 92 51 73 44 12 22 88 90 14 10 39 79 4 27 91 29 80 49 63 70 82
1081
21 34 91 57 30 56 82 4 66 15 65 37 48 35 93 51 96 1 5 2 58 44 67 18 85 76 29 41 70 49 11 88 83 26 31 84 23 87 52 25 62 7 60 10 99 64 75 81 42 19 92 79 73 46 43 32 9 27 71 12 61 20 47 69 59 90 54 55 13 50 28 16 8 36 86 72 77 74 24 97 22 40 98 68 80 17 39 33 14 53 78 6 45 94 63 95 3 38 100 89
1081
21 83 48 38 71 11 92 26 67 9 37 69 53 45 44 56 75 40 1 76 10 27 54 2 64 33 100 96 46 41 24 25 90 77 98 74 43 70 15 88 35 32 78 36 29 19 58 31 8 65 20 50 13 72 94 73 60 5 81 52 42 93 28 63 61 99 55 80 97 86 3 79 16 30 95 34 17 84 23 91 39 12 6 22 85 66 51 89 82 62 4 59 68 49 47 18 14 7 57 87
1081
2 86 63 56 52 33 15 91 80 30 95 82 14 51 45 28 79 48 60 96 94 75 53 43 66 71 9 78 90 49 23 40 84 6 42 22 92 37 8 69 24 18 46 61 76 58 59 32 5 50 83 54 87 27 57 21 34 4 16 77 20 25 19 68 26 93 1 36 88 11 72 62 38 44 73 85 81 10 99 7 89 29 41 74 98 13 31 65 55 64 47 35 17 39 100 12 67 70 97 3
1081
16 48 12 81 45 58 19 65 94 18 32 97 86 39 33 79 69 17 28 60 26 22 76 41 6 56 78 21 62 49 51 64 71 57 23 85 7 63 35 42 53 90 29 67 91 52 5 43 10 99 66 88 20 84 80 89 59 54 30 40 3 46 34 25 15 100 27 93 31 92 44 98 96 95 4 38 1 47 14 70 37 74 73 2 83 36 55 68 75 9 24 50 61 77 8 72 87 13 82 11
1081
17 72 60 35 87 43 62 41 4 40 68 2 26 52 66 85 54 21 10 33 80 47 45 49 36 11 8 24 53 95 20 58 42 81 97 74 51 29 30 63 48 37 19 78 25 34 67 88 83 77 32 12 100 59 75 96 84 71 9 65 89 5 98 90 14 1 16 13 55 38 44 70 46 7 64 31 57 22 28 50 15 79 99 86 23 3 93 73 39 56 69 76 92 6 61 27 94 18 82 91
1081
67 39 27 34 53 29 78 76 25 47 23 73 93 62 1 31 79 92 14 83 59 10 13 81 90 68 17 35 2 88 37 99 69 82 42 52 30 49 24 19 50 51 65 60 70 16 20 58 18 87 3 100 54 72 9 15 80 94 96 12 57 86 5 32 98 4 84 66 95 77 36 43 44 46 48 33 41 26 64 22 8 85 97 89 74 71 40 6 56 75 28 55 21 45 38 63 11 91 7 61
1081
65 51 3 75 24 44 64 77 100 37 92 27 91 71 8 93 48 94 4 88 50 40 62 82 53 61 90 85 36 26 97 83 2 73 30 47 45 29 60 68 58 43 55 9 41 78 96 25 69 33 5 14 67 21 15 12 42 31 6 72 28 10 1 95 19 35 89 49 13 86 7 18 87 63 57 59 74 76 80 16 84 54 52 23 32 79 70 99 20 98 66 38 46 34 22 11 39 81 56 17
1081
14 17 58 64 80 56 42 47 15 67 27 34 35 11 79 26 38 77 86 22 7 20 75 51 94 48 30 44 90 100 65 66 18 91 60 95 81 76 6 8 55 93 2 99 54 33 31 21 87 41 29 85 5 23 78 9 4 37 39 13 71 92 97 69 57 88 62 40 45 50 46 12 98 82 59 61 28 16 83 63 43 96 73 19 24 84 53 70 25 1 3 68 49 72 36 52 10 74 32 89
1081
35 66 25 39 7 40 49 6 1 78 4 53 47 76 50 12 15 95 9 51 65 31 86 18 82 5 63 43 89 84 61 42 27 58 71 100 73 14 54 48 75 29 16 11 38 59 26 79 30 36 67 92 20 90 21 13 44 80 70 28 77 57 85 74 81 2 55 32 94 46 45 97 37 56 52 99 83 33 24 88 98 23 93 17 62 72 69 22 3 68 96 19 87 34 91 60 8 41 64 10
1081
62 78 94 89 8 68 41 34 40 90 69 66 18 13 49 96 7 98 72 97 4 22 51 61 27 31 12 87 5 42 20 67 50 29 70 36 86 95 52 3 54 63 60 58 77 93 73 82 38 56 37 47 11 83 33 71 1 17 64 23 19 24 74 2 53 35 21 6 30 80 100 16 91 15 26 92 59 75 28 14 84 65 44 10 32 9 79 55 81 25 76 85 39 45 88 46 48 99 57 43
1081
99 11 74 86 42 62 76 75 66 57 17 6 30 55 52 25 15 56 58 82 37 61 88 78 29 50 71 3 38 36 83 96 98 65 60 94 51 5 44 73 85 70 4 8 12 9 92 91 13 22 59 93 67 68 48 2 95 31 14 27 39 1 81 46 84 87 24 7 35 72 53 18 28 21 23 33 16 100 26 41 40 34 64 89 47 32 45 69 80 10 43 63 54 97 79 49 20 19 90 77
1081
95 7 73 98 99 79 10 45 84 38 49 69 41 44 93 36 70 67 78 66 48 55 68 23 56 86 2 91 26 52 16 17 40 3 34 57 4 19 24 9 22 8 89 80 63 82 51 25 39 61 85 74 77 76 28 53 88 15 72 5 94 50 81 20 60 11 96 47 83 30 37 14 87 59 42 75 46 12 90 92 31 100 43 32 64 21 97 71 27 13 29 62 54 6 1 35 33 18 58 65
1081
25 66 42 5 20 86 73 91 57 77 52 46 89 47 8 37 32 4 39 17 69 90 13 26 33 58 98 34 85 78 63 88 59 50 96 30 61 36 92 23 31 97 28 1 24 48 35 7 93 40 43 12 2 95 80 83 44 10 14 94 81 64 99 53 22 87 29 82 67 79 75 60 21 71 19 15 62 72 11 76 45 70 9 56 27 74 41 49 65 6 38 84 68 55 3 16 54 100 51 18
1081
48 88 95 63 56 100 67 81 1 12 23 98 30 75 92 85 78 21 20 32 66 91 3 80 61 87 77 35 72 83 89 37 42 76 5 82 11 39 70 53 24 10 14 27 47 31 9 90 17 41 6 59 79 36 84 57 52 58 54 16 40 15 86 60 26 18 96 94 8 46 7 93 44 4 50 62 73 49 74 45 55 99 28 19 25 34 68 29 13 65 71 69 2 43 64 22 51 97 33 38
1081
13 28 65 87 46 89 30 7 48 12 58 55 63 99 86 5 61 40 66 32 77 24 91 18 81 54 11 71 70 34 84 75 29 85 33 100 37 52 76 47 74 78 27 17 80 95 53 1 38 51 2 83 67 41 68 35 21 22 92 59 39 25 79 42 4 62 31 36 3 69 96 98 60 56 23 93 64 72 10 50 97 14 44 9 19 16 88 94 26 20 6 57 43 49 45 73 82 8 90 15
1081
23 85 92 79 54 27 21 30 31 45 65 37 53 77 71 56 14 83 88 16 90 50 60 72 75 64 89 22 24 74 99 93 87 12 96 62 36 18 7 46 66 15 28 84 32 94 17 95 68 6 48 33 38 58 2 26 82 70 100 25 78 80 52 59 57 69 49 35 39 1 10 4 43 29 73 20 61 63 41 8 81 47 3 42 19 34 9 51 86 98 13 55 91 76 97 67 11 40 5 44
1081
49 84 34 96 61 16 7 78 28 67 95 74 71 39 27 4 35 17 42 77 65 85 30 18 9 24 92 12 90 19 11 56 54 22 3 73 45 57 50 38 29 33 41 64 86 79 68 43 48 76 13 91 26 1 89 37 14 6 63 40 21 20 5 23 93 58 51 88 2 31 60 69 25 10 59 94 97 100 81 98 8 53 62 82 75 87 32 46 80 83 15 72 70 44 55 52 66 99 47 36
1081
2 32 15 31 70 75 85 71 65 47 86 89 3 9 43 35 66 18 7 44 81 55 36 20 30 52 19 60 51 54 88 83 100 72 41 14 34 93 40 61 96 6 78 33 80 63 74 69 25 39 76 79 84 1 50 77 28 13 97 73 29 24 16 62 95 57 53 23 4 48 22 11 56 64 5 26 38 99 68 59 10 46 94 91 42 49 82 58 92 27 21 37 67 87 17 8 98 12 45 90
1081
18 23 62 36 95 82 96 15 99 19 76 11 97 5 20 60 42 47 30 2 85 33 14 71 56 63 66 100 80 92 41 59 78 4 52 40 61 37 39 43 27 13 50 28 46 25 89 79 35 69 77 24 83 73 86 10 31 22 7 44 88 57 29 75 55 49 93 8 67 94 91 54 26 58 38 32 9 45 3 87 17 65 68 16 21 81 12 98 6 34 1 72 64 51 70 74 48 53 90 84
1081
24 10 46 26 22 90 65 37 48 12 47 15 27 87 43 11 7 4 18 96 25 56 52 82 5 50 53 86 2 100 58 84 94 62 54 45 35 64 39 59 61 55 69 1 8 14 23 93 98 19 60 49 75 13 68 3 29 40 33 88 32 71 38 85 67 76 51 72 73 74 80 57 66 78 91 83 31 99 44 21 16 9 70 97 17 41 30 63 20 28 77 6 92 36 34 95 42 89 81 79
1081
31 4 99 87 60 33 55 34 6 64 1 18 53 26 45 41 10 89 72 49 76 66 30 42 27 17 69 61 93 90 62 97 100 29 54 51 23 5 35 91 7 71 81 14 94 84 79 2 88 11 92 16 47 63 67 15 75 20 12 85 13 70 24 46 9 96 98 95 21 8 52 44 86 19 78 3 37 82 58 28 38 40 80 68 65 73 56 39 74 48 83 22 57 25 43 50 36 32 59 77
1081
21 99 42 29 6 7 82 83 18 54 84 57 3 65 27 47 38 33 94 70 85 10 81 15 1 39 20 63 17 45 87 50 97 73 66 30 59 51 78 77 93 96 49 12 11 79 36 44 62 98 61 37 16 31 68 35 74 28 26 43 46 48 86 56 67 95 92 4 71 64 72 40 89 55 34 9 22 60 25 23 100 52 69 88 80 75 13 91 5 8 32 90 58 53 19 76 41 24 14 2
1081
3 41 63 49 87 74 44 90 32 71 78 40 18 36 48 66 11 93 79 62 69 76 60 94 61 97 58 8 39 95 7 17 54 22 37 83 64 73 28 13 75 45 67 57 50 15 100 55 88 70 5 35 43 14 84 21 82 16 77 89 38 33 42 34 27 46 20 6 80 19 47 29 2 72 68 65 24 98 56 92 53 26 51 85 10 99 96 59 81 52 86 9 4 25 1 23 31 91 12 30
1081
60 49 28 11 68 36 2 21 56 46 61 31 37 50 76 51 6 96 32 1 54 45 17 80 88 55 10 13 14 44 59 90 34 27 86 63 72 65 48 81 64 26 20 15 97 69 62 8 83 40 79 38 5 95 52 77 66 39 98 47 35 75 70 73 71 29 30 78 100 42 82 19 4 43 24 3 25 74 57 93 33 41 85 7 22 23 67 89 18 91 94 58 12 53 16 84 9 92 99 87
1081
6 29 49 95 60 79 30 36 48 2 75 55 16 77 1 34 44 28 80 54 98 71 96 100 3 78 58 62 18 84 21 39 65 69 86 35 15 72 97 63 43 56 76 41 25 68 57 19 46 7 74 92 94 66 22 9 90 40 38 12 81 47 33 59 26 50 32 14 37 91 70 99 87 10 4 24 17 93 23 8 85 13 52 61 64 82 83 5 11 27 88 67 73 89 42 20 31 53 45 51
1081
59 1 18 89 51 94 47 92 56 43 26 27 46 23 67 13 57 93 40 30 34 90 66 37 9 72 84 63 62 35 12 11 58 22 96 24 20 50 31 19 91 48 17 53 71 16 54 6 44 65 41 73 74 15 69 99 64 88 49 86 60 33 68 85 29 10 55 39 75 76 87 21 8 32 79 36 97 78 42 2 77 4 80 52 5 100 14 81 3 61 38 95 45 7 83 70 82 98 25 28
1081
83 20 78 88 90 31 43 86 11 17 18 45 55 5 63 36 52 58 32 99 26 38 89 33 81 19 77 70 40 95 51 22 9 62 94 65 59 50 53 25 48 68 56 92 8 98 29 14 44 47 57 80 93 74 91 72 69 82 13 35 3 61 21 73 41 71 49 1 12 54 46 85 96 30 60 39 15 6 2 23 42 67 75 64 10 27 100 87 79 28 4 34 84 7 16 97 76 24 37 66
1081
28 89 43 60 87 30 64 45 44 47 6 46 91 59 4 36 41 53 9 38 67 48 13 33 62 35 52 66 51 16 86 78 1 100 58 40 68 77 84 74 42 94 14 22 80 56 26 65 61 73 57 98 81 82 92 79 18 19 10 69 55 99 49 54 63 88 27 85 95 29 17 24 50 31 97 3 7 11 23 20 5 96 75 32 25 21 76 93 90 39 12 34 8 83 70 37 15 71 72 2
1081
24 96 19 100 10 44 7 79 25 49 91 59 42 39 89 76 70 80 5 98 20 6 41 12 2 9 55 16 61 47 46 40 83 51 93 22 36 34 43 99 45 67 71 90 85 62 14 81 58 72 11 31 73 68 33 50 28 66 95 26 8 88 1 29 30 86 15 37 35 77 74 3 92 84 60 65 94 38 23 97 69 48 32 56 21 4 75 87 18 78 64 27 13 82 52 53 63 17 54 57
1081
15 55 23 40 12 74 21 97 47 18 25 7 63 10 14 20 76 36 30 93 78 71 70 17 98 19 49 53 35 8 58 100 45 66 89 26 41 77 83 84 75 39 54 90 3 32 59 9 11 94 31 68 44 51 6 92 13 60 67 34 85 48 28 52 95 96 81 57 50 4 33 38 91 16 62 99 65 73 37 86 22 69 87 43 5 72 61 56 79 42 24 46 64 80 27 29 82 1 88 2
1081
99 98 83 78 94 64 41 74 69 67 95 25 72 7 100 13 55 71 86 2 35 75 9 89 1 68 58 62 44 15 18 42 85 37 21 81 16 11 29 70 97 3 54 22 77 38 49 65 32 46 73 59 92 48 40 79 91 14 60 30 33 6 45 82 12 8 43 23 34 24 87 50 66 5 27 51 53 96 10 17 52 19 63 57 20 36 47 80 93 28 39 26 90 31 56 88 84 76 61 4
1081
89 44 75 99 74 35 25 3 47 55 59 85 82 19 1 45 13 84 29 94 72 8 88 9 5 100 22 6 97 92 40 63 90 70 34 60 87 48 2 54 78 37 56 58 28 23 96 66 18 17 80 26 51 53 46 57 10 79 71 77 98 14 11 83 7 32 62 31 93 15 38 43 41 61 24 65 91 12 76 69 30 52 33 50 36 64 86 49 68 27 21 16 95 4 73 81 39 42 67 20
1081
3 91 45 79 61 76 99 46 41 74 29 69 13 62 97 53 24 1 58 42 50 6 9 15 56 86 70 90 65 48 16 21 100 66 23 37 19 72 44 63 57 84 18 32 82 25 5 94 68 92 40 30 83 43 39 87 60 10 51 28 26 22 12 27 89 49 85 11 98 17 96 71 52 81 80 7 73 95 78 33 54 2 88 38 93 4 64 14 20 77 75 35 55 36 59 67 34 47 8 31
1081
65 56 96 5 88 90 52 6 55 91 69 70 46 98 75 29 78 82 20 79 72 1 58 85 50 74 40 21 25 10 61 31 17 87 77 44 48 60 99 30 86 36 24 51 42 59 34 32 76 23 15 2 67 19 33 64 38 28 41 92 43 81 14 97 3 16 27 94 93 73 63 8 12 100 95 54 39 22 57 84 11 49 7 53 62 89 9 13 80 37 83 26 68 66 45 71 35 18 4 47
1081
44 40 77 22 33 46 58 26 57 45 54 37 89 76 93 75 32 60 87 14 84 86 35 5 61 28 94 53 71 50 48 38 4 78 2 18 52 9 59 100 24 73 80 7 65 13 3 23 67 69 95 74 29 47 82 88 6 36 30 83 16 70 81 90 11 49 55 10 20 15 85 31 68 72 62 92 39 79 64 21 8 63 12 98 66 97 1 17 43 91 19 96 41 27 25 42 56 34 51 99
1081
40 91 75 15 38 52 42 60 10 25 30 28 93 44 4 94 13 6 84 76 51 45 86 89 98 54 97 59 20 69 57 8 50 35 3 33 56 5 17 61 47 19 87 43 80 14 55 46 65 92 78 62 67 1 49 2 39 71 16 82 70 22 58 18 77 73 68 81 72 79 29 31 66 27 34 88 12 23 53 74 41 63 26 90 48 100 11 9 36 64 85 32 96 83 37 7 24 21 95 99
1081
42 64 37 96 38 81 32 62 87 83 76 92 51 72 3 94 89 31 58 13 60 61 41 75 86 35 27 2 12 59 21 74 23 16 25 88 34 7 28 66 63 73 52 11 33 47 77 54 17 50 14 91 56 44 4 69 20 78 29 49 97 57 24 18 85 99 53 65 98 15 79 95 46 100 22 43 68 30 93 8 1 55 84 9 39 71 10 67 82 90 48 6 40 80 70 19 5 45 26 36
1081
86 99 60 67 4 68 46 73 95 7 98 17 78 28 6 35 11 18 80 76 42 47 40 85 49 50 64 84 12 54 32 63 66 57 5 83 30 59 34 39 16 8 89 29 10 33 90 97 55 25 23 36 1 74 37 61 94 91 43 53 44 31 79 56 21 88 41 82 3 15 52 58 75 93 13 70 27 69 14 20 24 87 9 81 77 38 72 26 22 96 62 48 45 51 100 19 92 71 65 2
1081
67 13 81 77 92 86 44 2 91 49 84 18 74 11 40 19 58 42 96 47 34 38 8 41 94 36 46 68 4 73 6 9 93 37 26 45 29 99 90 79 21 50 88 54 70 35 87 23 32 83 25 80 7 61 71 1 52 76 63 100 95 3 20 48 53 89 30 75 85 16 62 97 51 24 78 69 27 14 82 43 65 59 12 28 66 33 5 15 60 17 98 22 72 56 55 10 64 57 39 31
1081
32 98 88 59 78 27 89 30 2 10 47 14 13 66 55 99 45 34 62 24 20 93 48 94 11 67 95 8 81 97 76 65 74 44 9 12 64 87 7 90 19 63 79 57 4 68 53 86 75 54 49 51 71 26 31 58 1 61 33 84 100 91 36 22 15 69 56 40 6 73 37 52 25 82 29 5 21 3 43 38 16 85 70 41 17 18 39 77 35 23 72 42 46 60 92 28 50 80 96 83
1081
50 35 85 93 36 98 48 82 64 41 100 4 5 62 22 78 9 90 10 91 57 33 70 80 30 19 75 26 39 45 34 96 72 38 53 59 18 15 71 52 76 86 51 89 84 37 95 40 6 56 28 77 65 17 47 60 55 31 12 58 61 92 66 87 7 20 2 23 88 81 29 63 79 8 49 14 1 68 13 21 99 16 94 74 67 97 27 42 25 46 73 32 11 24 43 69 3 54 44 83
1081
48 15 38 73 30 91 76 9 66 98 17 26 84 67 77 6 61 68 86 47 7 1 2 54 23 52 53 79 33 96 21 41 4 72 32 65 60 92 19 87 13 74 20 64 51 90 71 10 58 99 85 39 95 40 62 29 16 88 14 80 81 49 69 28 78 70 44 35 27 3 93 22 50 36 34 11 83 100 5 37 82 46 12 75 42 59 18 97 94 25 31 57 55 56 45 63 8 24 89 43
1081
56 47 89 71 54 62 45 86 99 68 74 26 2 69 41 19 42 48 49 20 31 35 94 59 16 50 84 66 38 80 37 4 30 81 60 78 96 58 88 67 83 29 73 24 44 77 40 32 25 39 1 53 6 98 97 52 91 95 75 57 34 61 13 23 21 76 85 63 70 15 28 7 92 10 51 79 82 93 100 18 90 8 55 14 36 3 22 17 64 27 65 33 43 11 46 87 12 5 9 72
1081
81 24 42 18 35 25 99 59 12 98 19 20 70 63 38 49 90 11 16 93 92 21 36 97 43 13 68 64 53 39 94 78 67 3 65 50 55 4 60 10 58 83 66 95 29 5 31 76 74 47 8 1 33 57 48 7 82 69 34 96 46 100 72 54 88 73 62 80 75 44 28 45 9 87 91 41 2 77 27 85 52 30 17 89 40 23 14 79 32 56 61 26 6 51 22 71 37 15 86 84
4216
288 93 55 63 148 102 224 126 192 264 132 202 72 45 239 298 275 169 274 236 197 32 231 20 153 50 279 96 285 251 296 73 69 67 78 41 283 281 124 6 7 56 225 74 166 100 266 121 136 66 70 185 220 79 212 103 241 135 183 260 83 11 232 140 165 161 173 297 233 242 222 262 42 199 248 155 34 114 263 1 250 270 99 120 227 172 9 223 118 188 177 164 294 259 36 8 33 238 150 186 127 58 219 295 48 16 154 95 152 13 149 182 144 300 77 175 261 60 162 131 40 18 133 108 187 299 29 234 158 256 218 204 254 51 142 82 267 147 258 105 81 163 87 146 189 15 141 226 200 178 113 207 84 24 5 64 216 107 75 46 44 208 137 2 111 117 90 119 276 211 156 160 94 130 101 71 181 157 213 35 237 269 88 289 184 116 191 244 125 247 209 210 167 174 221 286 59 203 194 97 27 246 214 159 257 85 17 86 76 57 138 272 122 53 43 110 277 217 12 180 92 292 139 170 287 37 134 25 30 235 198 265 89 62 271 293 52 280 47 273 49 39 109 54 26 128 61 190 195 171 91 31 123 255 98 206 10 145 19 22 282 115 253 68 23 278 229 290 249 228 104 179 284 38 65 268 129 176 230 201 151 14 215 21 143 196 4 291 205 28 106 245 3 112 243 80 240 193 252 168
4216
295 118 156 115 145 121 73 49 99 9 240 208 274 143 242 96 299 85 255 139 90 216 275 6 270 75 246 56 11 285 191 163 222 43 122 247 287 214 225 74 161 238 29 239 128 297 187 201 251 175 132 47 102 296 84 65 21 221 207 169 289 114 298 260 195 111 276 97 135 86 160 126 109 268 64 265 227 14 171 140 16 52 263 61 198 252 138 206 165 203 55 66 257 180 181 2 168 162 241 120 8 95 202 48 243 44 178 77 103 36 45 93 190 244 234 46 152 30 200 235 228 293 155 277 294 119 100 229 125 94 87 164 174 133 38 12 34 57 62 79 188 184 282 113 53 144 68 233 205 151 258 7 98 15 26 51 204 41 92 107 149 27 266 22 230 279 105 1 39 262 3 217 88 218 67 280 33 146 264 116 286 58 250 78 261 154 50 10 284 291 173 212 82 71 223 91 186 213 108 232 13 249 19 267 142 256 72 60 259 89 288 40 148 31 210 124 150 273 104 129 5 196 272 209 185 292 83 237 137 153 18 215 179 176 141 110 269 127 197 253 28 69 23 157 54 177 224 159 112 32 76 290 199 220 131 101 24 25 281 80 194 219 271 123 189 35 136 211 134 172 166 192 254 193 106 42 59 37 63 226 81 300 170 182 147 236 248 4 130 278 70 117 158 183 283 17 20 167 245 231
4216
84 196 105 199 97 66 294 17 4 188 191 217 157 141 42 15 215 170 270 235 204 10 172 275 22 286 241 83 18 118 210 254 155 51 1 152 44 63 292 260 94 180 6 43 200 130 129 113 11 290 236 148 65 282 280 233 268 265 169 283 59 149 67 238 255 40 273 71 237 212 115 108 13 145 239 122 75 61 119 86 205 225 144 150 46 96 53 244 92 133 184 245 38 295 39 78 79 158 31 192 102 117 194 26 159 57 263 124 5 54 68 36 89 193 37 209 232 249 7 45 226 128 50 160 29 110 171 174 123 156 27 127 185 106 299 162 179 125 9 34 267 221 285 296 132 203 175 77 230 154 87 12 186 56 168 35 281 234 93 276 143 126 178 167 19 274 177 85 214 287 100 181 104 114 264 21 262 222 95 140 231 211 107 298 246 284 153 20 164 208 76 52 139 88 120 69 82 163 250 269 247 279 195 183 223 91 258 182 138 30 189 48 228 81 60 259 3 257 90 251 240 147 121 2 266 49 70 109 55 213 80 99 24 151 111 116 227 136 72 277 41 28 135 271 74 218 142 256 176 288 64 16 161 219 165 253 73 261 300 58 166 220 25 297 272 101 131 248 278 98 134 291 146 187 293 23 197 202 242 198 32 14 137 289 112 216 201 103 173 207 252 47 33 8 229 190 224 206 243 62
4216
243 162 68 298 218 163 268 14 130 187 275 134 159 35 262 121 39 105 216 13 148 95 291 2 97 4 93 81 189 90 182 33 213 131 44 266 80 221 252 248 169 267 115 59 30 141 69 140 25 92 286 113 96 259 257 261 186 26 235 265 126 270 106 149 136 56 27 292 78 161 42 224 198 244 122 61 184 43 206 53 223 212 76 108 89 52 146 225 260 71 120 22 289 222 19 207 139 230 79 245 166 20 57 226 193 133 199 103 50 237 111 239 152 258 281 211 273 241 109 175 254 123 110 288 185 196 178 277 191 194 145 125 154 117 294 247 132 234 188 9 124 253 127 156 179 34 38 116 176 264 7 77 67 58 70 49 229 227 242 21 195 165 1 104 173 202 147 170 118 263 138 168 282 217 269 100 142 174 209 51 73 84 215 155 91 24 3 164 46 219 15 107 271 72 232 29 181 16 48 41 40 82 86 144 236 37 5 251 231 150 160 284 83 201 204 287 66 171 54 11 272 47 220 297 151 299 119 31 94 153 128 28 283 190 87 10 18 85 228 285 256 255 279 180 249 158 238 233 296 75 114 23 6 65 246 200 88 208 295 129 137 177 300 276 98 280 64 214 101 167 157 135 192 143 274 240 45 293 210 32 102 172 112 36 183 197 63 278 62 205 203 17 12 8 290 99 74 55 250 60
4216
242 264 94 113 124 66 102 43 46 181 161 146 203 265 194 51 12 138 213 246 192 225 117 155 80 104 62 127 8 293 176 186 160 59 58 256 223 231 154 143 136 82 107 217 132 16 199 261 208 108 55 162 15 1 288 63 32 178 271 229 65 10 31 148 35 184 173 253 226 2 24 47 98 61 134 252 250 222 68 39 263 126 232 238 128 150 17 27 187 274 255 149 141 185 240 196 103 79 174 22 283 133 5 70 95 230 76 37 142 92 224 220 205 272 214 20 259 295 78 262 228 11 57 180 182 248 89 67 81 97 254 9 218 111 233 239 202 300 290 244 200 54 115 42 235 91 49 53 114 30 276 48 245 153 267 105 34 183 216 179 273 284 14 292 93 45 130 206 282 219 212 88 251 3 99 64 151 56 125 211 197 33 207 118 275 73 100 129 268 171 168 297 294 110 152 260 109 193 247 25 131 144 163 191 285 83 90 121 270 28 281 85 177 257 116 75 243 258 44 119 38 135 210 298 296 40 286 278 164 198 227 166 175 172 137 4 170 236 122 157 71 87 69 234 156 23 279 7 86 277 36 269 169 112 18 280 29 221 215 77 60 158 50 41 140 145 204 101 189 84 266 165 167 72 123 299 287 291 249 147 195 26 96 13 289 190 188 241 74 19 159 209 139 6 106 52 120 201 237 21
4216
235 25 153 238 236 125 291 137 135 188 55 228 210 172 239 82 20 89 231 176 2 29 165 34 221 263 276 41 15 86 203 138 73 268 115 233 288 237 9 293 56 184 109 244 80 192 240 108 159 168 8 295 187 209 297 35 148 116 136 47 124 77 107 112 76 103 49 130 256 93 169 274 99 96 215 74 78 287 154 3 44 161 71 106 31 19 98 220 200 68 63 227 38 278 118 102 289 45 279 223 134 69 126 94 51 261 245 114 58 229 50 190 32 255 294 24 6 254 62 156 217 195 277 259 147 128 253 37 193 250 189 158 33 283 208 122 64 21 90 266 174 43 5 163 175 264 234 59 26 270 120 282 191 194 292 202 286 36 298 57 143 300 246 170 249 152 204 272 11 145 140 79 40 142 146 181 265 162 28 212 218 186 224 171 132 10 252 54 155 166 13 14 139 275 81 12 206 198 105 248 129 131 95 160 157 271 4 23 207 97 164 144 70 113 88 27 269 242 216 247 222 258 226 121 178 60 262 123 214 111 232 179 260 211 75 119 185 149 183 251 257 273 84 117 127 290 7 72 296 1 48 213 66 182 284 173 46 151 241 30 17 201 205 230 197 196 91 83 85 104 53 285 67 39 180 42 22 52 299 92 61 177 243 280 87 199 225 167 133 101 141 281 65 18 110 267 219 16 100 150
4216
25 290 138 158 266 228 139 205 52 183 130 16 149 166 275 45 282 137 4 5 31 30 210 27 285 39 263 115 189 48 254 79 47 87 80 24 8 81 38 250 298 225 3 163 175 35 171 178 94 295 9 117 84 69 32 6 255 243 121 212 289 29 15 284 109 300 150 156 219 106 104 63 232 260 145 19 174 100 201 112 46 124 98 256 72 89 11 10 77 192 131 261 125 179 193 56 97 119 167 14 148 206 76 26 129 268 213 247 203 176 236 177 269 93 159 65 43 140 165 75 33 185 2 267 224 258 235 297 37 91 239 264 190 195 102 216 194 50 107 181 238 58 283 276 218 242 153 110 42 230 265 55 12 217 90 208 155 113 151 291 99 293 280 116 66 172 253 215 118 36 170 82 207 154 162 246 34 160 40 231 122 22 74 221 292 13 64 245 21 227 53 287 142 279 101 41 229 220 281 146 134 147 173 44 73 85 136 108 62 244 233 92 61 211 17 222 271 288 273 180 114 70 274 234 270 86 249 20 169 252 28 67 120 78 111 18 127 168 202 188 296 144 294 199 241 214 95 257 103 198 68 226 251 259 240 262 299 133 197 186 126 152 164 105 277 141 71 123 49 237 204 60 209 23 51 272 278 128 143 200 184 182 135 57 248 83 187 59 286 54 196 7 223 88 191 132 1 157 161 96
4216
85 208 212 93 148 127 255 231 2 159 272 221 191 280 18 121 269 75 107 214 262 140 28 83 297 188 254 104 3 62 259 100 252 119 154 225 289 174 117 215 173 283 260 31 160 149 199 150 78 32 267 176 10 189 17 295 89 209 108 7 257 279 216 204 290 181 103 114 36 92 237 97 126 35 177 155 210 245 77 220 9 86 123 110 243 178 158 145 223 211 24 277 38 197 1 141 136 87 19 213 34 144 63 50 186 228 101 96 217 16 13 44 271 5 105 253 201 266 48 205 299 250 39 94 274 200 49 23 142 206 111 286 125 133 219 64 246 284 190 56 265 53 134 90 232 65 169 70 157 138 292 294 91 129 68 170 175 285 147 69 198 132 193 184 42 239 183 298 192 33 55 122 171 263 20 115 162 241 37 128 47 146 72 66 229 106 54 180 88 113 26 59 43 81 196 278 238 222 234 242 226 130 12 143 268 227 82 230 120 116 152 258 79 51 172 182 249 291 194 21 73 187 80 240 275 139 203 248 163 256 235 25 95 27 52 84 185 8 112 30 179 218 22 165 296 281 261 74 46 224 164 58 4 288 61 137 264 45 151 71 270 109 156 67 131 60 276 76 273 135 168 293 167 202 195 118 161 287 15 247 233 236 57 6 14 244 11 99 98 124 102 29 40 251 41 282 153 207 166 300
4216
114 73 156 266 44 111 85 16 289 62 258 91 263 242 50 293 249 251 294 109 299 262 139 17 83 46 241 54 64 215 47 52 253 218 229 216 177 195 257 174 190 18 136 66 4 127 152 130 246 193 213 8 284 67 31 81 281 9 186 39 247 53 140 122 56 162 117 231 192 171 200 179 267 133 70 250 157 239 295 138 260 196 41 150 55 74 142 123 223 147 129 34 185 167 144 143 120 252 220 208 234 296 198 232 49 99 155 135 210 182 227 285 76 207 24 270 84 273 12 153 235 154 78 92 104 286 279 161 115 134 27 222 269 25 204 151 30 217 274 259 88 5 271 176 225 287 101 244 23 110 202 90 141 95 206 214 292 14 63 28 145 184 121 80 94 100 48 42 187 245 35 255 209 38 128 40 126 65 75 298 264 97 165 178 1 29 58 283 59 291 173 275 172 86 22 240 69 230 82 233 238 228 77 224 288 43 113 159 26 72 197 103 175 119 37 221 265 203 32 183 276 93 205 201 148 189 164 2 243 297 211 137 60 105 199 125 7 3 168 89 71 191 118 219 236 277 170 106 36 181 226 282 51 57 96 188 160 272 212 20 169 61 194 112 248 254 98 87 280 116 124 108 11 290 146 33 15 131 79 107 261 13 237 45 10 158 166 149 132 163 102 300 180 6 21 278 68 268 19 256
4216
69 4 215 187 290 160 55 223 13 59 164 19 218 146 275 38 267 85 202 49 36 44 84 81 282 173 66 226 175 148 141 225 92 272 188 51 288 200 155 145 26 296 292 70 207 209 264 136 114 280 17 254 240 232 101 108 163 276 103 142 79 52 25 256 291 159 12 93 167 208 42 249 140 284 246 20 15 46 154 31 3 32 299 5 18 121 45 64 297 119 106 34 204 194 75 27 54 60 127 277 100 295 6 233 176 174 132 216 88 57 139 73 239 118 2 219 21 47 14 281 107 243 161 206 189 129 40 255 237 265 102 257 260 190 279 181 245 182 168 8 149 183 86 227 185 72 252 205 283 234 89 29 156 82 248 253 109 120 124 270 74 171 123 289 198 138 286 273 37 195 152 1 137 131 228 261 7 99 166 111 67 285 192 258 41 78 259 217 43 104 268 98 96 83 150 71 178 212 128 293 76 24 170 242 135 287 177 157 197 50 211 122 23 210 186 9 144 151 33 201 250 300 238 77 229 91 63 191 214 117 244 48 263 143 172 35 105 278 61 271 80 97 169 53 193 58 231 158 147 62 125 199 65 90 39 247 224 30 274 110 56 10 230 11 95 269 133 115 294 203 184 162 241 113 251 94 236 221 266 153 134 235 28 112 130 116 22 68 180 165 179 298 126 262 220 87 16 222 213 196
4216
42 276 268 287 135 193 199 146 289 239 110 45 204 66 225 160 118 19 266 162 21 53 219 156 290 153 112 27 157 271 241 161 90 12 72 180 209 114 218 220 89 181 205 258 213 186 140 280 126 243 136 123 297 103 229 36 275 48 158 65 267 212 43 221 117 179 3 269 236 166 191 288 231 165 285 170 169 7 44 187 105 210 83 190 77 85 46 113 64 102 246 176 91 211 109 98 148 208 189 257 235 201 86 87 15 227 54 238 130 207 131 50 299 75 200 67 70 215 192 222 214 94 242 245 283 81 255 11 20 230 128 79 173 291 197 188 107 16 92 133 177 270 163 155 49 95 122 24 134 121 47 139 277 28 29 206 292 294 101 69 279 183 108 96 296 293 59 228 22 100 244 150 224 10 260 164 31 274 116 97 124 232 196 57 34 73 17 80 99 33 4 30 154 104 174 41 127 273 254 167 259 39 252 1 184 9 5 52 175 56 137 281 119 151 138 74 35 233 253 142 265 132 141 240 147 248 76 298 144 282 216 71 159 60 263 120 6 115 272 198 182 82 125 2 261 88 185 26 32 226 40 217 278 149 51 250 8 61 25 38 286 178 68 300 58 111 295 106 93 247 251 249 78 129 145 62 14 237 37 195 264 171 172 143 203 262 55 256 223 18 23 84 63 202 194 168 152 234 284 13
4216
16 223 69 96 153 127 64 218 18 158 210 200 240 149 296 245 254 3 123 217 135 51 268 274 248 52 104 92 121 293 280 272 154 85 94 284 82 202 99 179 129 84 168 250 247 147 178 65 208 161 212 239 157 107 229 78 163 231 25 105 70 38 249 110 162 136 199 91 134 130 292 207 155 90 264 209 228 80 114 143 204 13 206 185 181 111 299 261 126 238 86 237 195 117 10 97 205 290 101 15 256 74 24 4 234 165 242 79 146 258 33 39 40 192 288 198 182 98 103 112 59 73 128 170 83 22 224 8 67 140 255 203 5 49 152 150 23 269 233 120 48 230 102 87 277 243 259 177 1 252 211 88 236 138 262 37 122 20 66 62 76 287 32 58 26 216 145 125 72 194 253 298 266 169 282 132 81 215 9 220 93 156 45 75 41 46 2 225 219 115 271 191 265 281 133 244 29 167 63 180 56 197 227 142 68 221 186 57 71 119 50 61 213 28 7 19 189 300 241 226 295 148 43 297 283 124 263 273 285 275 196 286 187 270 60 144 44 257 151 116 118 251 164 184 35 139 6 176 188 193 246 27 172 173 11 106 108 21 222 95 201 100 235 214 232 276 160 53 171 260 174 31 289 12 54 109 183 278 30 190 131 17 42 55 89 47 166 34 141 159 14 267 113 279 291 294 175 36 77 137
4216
88 72 168 56 273 5 75 213 115 154 138 282 158 66 105 32 171 30 103 219 50 199 229 113 82 70 58 126 125 129 278 257 204 27 180 245 101 106 57 62 162 93 261 205 241 141 210 84 185 36 164 176 236 218 214 277 200 55 294 267 107 175 37 202 21 226 290 151 20 155 76 234 243 242 98 270 139 269 96 87 119 186 228 184 54 104 68 263 244 121 166 90 246 172 91 163 63 173 149 284 251 135 295 222 297 255 289 298 45 144 53 2 128 157 42 201 80 170 299 79 194 221 265 233 108 279 235 25 181 89 140 296 1 73 189 217 40 285 137 99 182 287 188 132 71 100 253 120 260 178 216 133 142 161 85 292 15 95 225 8 156 250 240 215 118 44 3 81 4 136 77 39 60 203 283 169 97 17 152 109 223 160 26 61 248 293 11 259 59 52 264 252 124 112 110 224 193 192 209 262 29 31 18 51 43 208 7 198 220 78 280 22 174 237 266 281 12 247 13 146 286 64 271 177 145 256 249 191 147 130 122 159 35 6 94 49 238 67 207 10 179 74 227 9 47 41 92 258 291 239 183 206 33 102 276 38 123 268 19 211 143 230 254 116 131 69 150 300 24 114 16 65 212 275 272 28 111 46 195 14 148 117 167 231 232 34 48 86 134 190 274 153 127 187 197 165 23 83 288 196
4216
240 243 111 48 191 272 10 267 161 84 56 225 61 91 44 154 215 60 160 291 212 77 18 152 131 218 266 256 68 249 87 121 83 241 106 33 45 112 290 113 211 230 205 159 252 258 133 78 50 136 132 279 53 274 224 282 250 34 202 280 94 138 286 49 184 118 141 158 4 239 275 128 261 194 226 235 24 270 237 295 22 263 27 63 117 175 297 151 99 23 124 242 17 208 292 293 168 189 51 12 207 120 197 16 223 255 278 285 55 1 40 271 165 163 74 201 247 222 64 264 142 42 153 21 196 180 277 82 107 97 174 167 122 229 70 98 259 148 41 260 71 47 214 187 2 193 105 46 220 186 144 30 145 300 137 288 169 182 100 54 198 162 238 8 227 166 37 199 20 283 19 276 69 80 92 234 185 103 76 57 134 219 294 86 126 93 296 203 268 188 299 236 79 287 228 114 123 195 244 67 6 116 254 102 38 39 101 36 192 15 156 251 171 29 273 176 143 246 85 183 11 104 181 245 13 96 140 66 178 216 170 262 217 146 108 125 31 26 289 7 157 28 32 210 115 147 52 179 81 257 9 129 206 269 164 281 248 58 213 59 35 135 265 3 72 200 284 232 231 43 109 5 95 233 221 130 110 88 119 253 204 149 25 75 172 90 298 62 177 150 73 89 190 173 65 155 127 209 14 139
4216
184 22 203 191 266 209 4 70 101 298 32 118 233 65 94 159 228 271 258 129 63 256 77 19 273 166 264 247 156 284 193 43 300 290 178 25 138 8 28 150 142 92 285 226 26 147 5 268 56 296 246 173 154 37 27 229 202 204 137 167 208 123 195 127 30 182 240 55 279 34 270 45 103 185 130 297 18 257 281 198 107 125 220 155 291 174 221 289 121 74 80 217 21 51 274 59 108 126 145 215 17 180 213 201 68 160 12 139 236 99 116 175 39 225 131 253 293 81 15 227 135 23 151 35 61 255 109 48 168 199 2 58 117 177 72 248 161 128 89 84 223 144 57 278 53 97 265 261 187 88 262 115 7 41 66 276 238 295 49 272 62 69 36 251 165 100 205 244 13 133 91 33 224 234 176 237 299 46 14 9 219 78 105 110 79 6 245 292 230 196 64 132 119 189 190 263 24 249 294 287 235 254 206 186 214 82 192 31 1 222 76 269 44 120 146 148 162 283 96 124 250 153 3 252 67 71 87 212 140 163 47 260 111 16 143 211 90 275 73 42 171 112 210 170 113 104 288 179 86 50 157 197 239 218 149 52 231 20 164 169 38 95 114 40 158 216 54 106 122 200 286 60 242 141 85 11 134 188 259 93 136 232 102 10 98 83 183 241 243 207 152 172 277 282 181 267 75 29 194 280
4216
274 288 244 96 171 88 24 266 101 133 73 92 276 155 53 123 222 184 12 209 243 65 59 64 232 66 93 170 231 110 228 132 175 211 32 25 7 203 145 158 270 122 103 201 258 273 178 135 109 262 43 252 195 47 245 225 197 246 129 188 69 165 136 233 107 134 254 84 40 257 250 49 275 5 54 57 265 193 35 269 137 277 242 192 80 234 78 272 189 218 255 216 89 260 51 124 41 115 154 279 166 190 4 248 85 18 295 6 36 90 293 70 86 33 76 113 23 220 215 239 284 172 199 164 144 229 286 8 267 214 62 162 91 60 167 177 120 202 138 127 55 10 159 116 83 297 241 142 173 106 263 42 256 247 112 281 223 52 253 20 38 99 75 163 196 249 180 21 17 68 268 280 9 238 117 282 230 143 95 29 45 185 205 118 50 237 152 56 30 217 125 46 299 16 212 119 224 240 290 79 174 285 147 160 291 19 48 139 151 169 194 100 183 271 296 287 1 2 31 226 204 207 72 298 71 283 198 28 67 176 121 111 200 44 208 251 130 236 39 3 219 161 94 292 186 34 156 157 82 148 114 104 300 187 87 140 128 131 27 13 235 289 22 81 294 14 182 63 58 98 146 179 15 11 102 61 149 206 261 77 105 221 181 259 210 108 264 141 153 191 168 278 97 37 26 213 150 74 227 126
4216
53 144 51 25 160 156 90 134 13 258 114 36 190 98 196 290 131 152 42 178 107 171 15 44 248 86 18 108 94 8 71 104 202 267 67 146 262 4 172 75 106 92 257 223 122 145 47 85 205 221 252 281 176 5 143 193 286 137 35 285 291 199 163 93 222 272 266 43 72 150 74 54 124 69 140 209 293 16 148 276 264 203 49 130 96 3 192 283 274 52 296 187 188 173 213 236 99 251 230 210 78 133 158 65 27 138 149 169 135 7 81 80 12 270 119 102 208 109 249 211 300 2 29 250 55 298 58 139 115 197 180 256 66 11 126 278 6 179 247 226 217 184 162 73 112 32 269 207 48 127 10 161 57 189 82 164 118 280 125 70 120 218 265 233 88 271 295 20 238 21 151 287 87 61 244 297 159 214 68 273 263 219 113 231 235 228 26 111 177 56 45 175 216 157 253 166 116 103 289 41 292 84 50 142 246 255 155 229 63 268 215 91 95 232 165 224 294 243 198 234 147 14 282 167 100 241 97 225 154 239 200 117 170 83 19 261 185 277 62 240 181 136 242 59 174 284 254 212 132 110 183 31 245 33 22 1 79 182 220 77 299 260 105 168 129 206 23 37 227 128 191 64 279 204 123 38 46 89 34 186 28 17 201 153 259 24 195 141 275 194 30 76 9 237 121 40 39 60 288 101
4216
10 43 127 161 21 196 194 284 81 173 163 54 259 61 98 174 34 152 274 176 32 149 145 17 272 6 178 118 56 212 256 260 131 278 4 144 247 283 206 104 231 111 100 246 47 170 90 31 80 168 106 279 209 130 75 141 181 191 245 138 234 113 84 97 23 192 11 68 65 151 142 107 112 146 125 179 224 55 95 207 218 193 135 24 293 254 175 239 201 242 35 185 255 29 99 188 162 264 225 92 8 41 195 16 30 105 291 51 229 128 89 71 156 66 186 110 82 258 292 177 165 150 238 9 276 158 277 300 93 59 208 25 287 223 120 20 241 222 42 253 52 134 275 298 159 197 211 286 49 67 147 296 14 243 266 164 248 153 299 282 123 189 79 269 200 167 166 19 233 261 58 198 53 48 183 86 236 297 40 171 172 37 262 62 140 18 38 102 265 160 70 33 117 202 36 251 13 220 7 116 109 46 227 203 289 244 182 126 187 119 250 226 74 157 136 228 77 295 267 39 184 73 85 271 122 44 154 268 108 252 155 114 83 15 204 121 240 270 205 50 280 26 180 12 22 64 169 57 221 88 115 60 103 219 199 101 96 129 285 76 210 216 45 137 232 78 2 249 1 273 3 5 281 294 27 230 139 263 143 28 213 148 69 63 288 91 94 237 217 257 133 215 87 214 124 132 290 235 190 72
4216
254 146 149 6 49 57 170 105 271 85 123 228 211 198 177 273 118 133 219 201 127 240 42 35 223 236 8 172 185 120 52 159 207 232 260 23 34 192 66 227 210 30 200 64 39 184 272 231 144 189 33 17 104 283 126 183 88 221 14 97 255 226 266 125 191 68 299 187 54 212 91 72 154 251 136 180 269 10 47 163 241 102 252 142 113 20 279 117 175 288 173 256 141 59 162 174 22 238 41 253 106 188 2 58 194 128 29 290 95 69 209 298 138 208 160 153 222 220 75 139 196 291 56 275 111 282 108 179 206 171 110 234 274 280 74 225 122 193 103 262 235 119 32 124 131 265 293 247 18 270 156 164 28 101 94 239 224 48 121 216 249 137 67 217 215 46 140 151 152 60 230 233 83 77 38 84 15 258 287 214 63 166 205 100 44 116 284 285 259 289 7 167 98 45 73 182 16 24 86 43 65 31 53 213 55 26 218 9 130 296 3 248 243 244 169 11 294 281 197 165 70 89 148 90 150 202 176 76 190 181 155 145 81 242 61 295 147 93 21 261 40 161 78 195 264 37 87 82 158 245 300 263 246 297 237 129 286 62 5 114 96 1 79 204 107 157 257 25 112 178 80 99 135 278 36 168 12 51 115 186 109 276 277 92 13 229 134 4 292 71 268 50 132 199 143 19 203 250 267 27
4216
55 185 273 98 63 141 234 53 188 238 52 248 272 82 3 105 190 124 136 247 168 265 31 263 91 24 128 75 155 231 100 76 216 182 172 122 145 161 150 300 64 295 154 93 28 12 20 9 215 11 29 270 146 284 74 25 152 281 173 288 181 294 170 163 15 27 1 149 201 156 187 158 111 115 90 148 89 159 280 196 45 121 7 176 65 274 23 153 60 169 108 80 279 175 254 218 123 268 38 36 70 166 194 237 33 293 4 299 220 177 73 132 96 86 236 133 224 184 256 135 34 249 44 109 255 233 219 88 195 178 164 211 68 286 97 239 35 18 69 162 112 104 48 95 174 32 192 107 42 114 26 285 241 6 244 261 217 143 103 2 77 207 92 292 250 266 221 84 116 252 57 120 99 214 13 41 58 259 106 62 198 165 140 264 291 240 197 10 5 245 134 227 253 277 213 199 243 183 94 226 206 71 30 126 262 228 289 283 258 193 167 189 40 278 223 14 130 209 297 142 267 287 47 17 125 61 230 139 222 113 87 37 191 21 186 131 171 260 81 147 251 157 117 46 269 50 235 54 85 271 8 200 43 51 232 144 102 67 212 151 56 83 129 138 298 137 78 210 203 59 160 119 202 282 66 257 225 180 101 205 275 110 229 296 22 242 49 290 19 72 127 39 179 204 16 118 246 79 276 208
4216
178 221 242 94 26 285 7 172 9 122 95 271 163 42 121 156 21 72 251 30 252 165 273 114 69 234 129 185 60 131 245 130 29 283 67 296 43 71 22 76 179 223 213 75 193 141 183 40 155 226 205 293 180 149 218 237 73 257 78 261 166 142 291 15 212 200 106 62 262 199 13 85 204 56 228 144 59 25 267 49 137 63 265 102 64 107 8 266 151 79 123 288 3 51 256 5 98 101 27 240 269 260 248 11 133 23 50 86 258 264 88 140 168 290 100 153 125 119 222 68 96 186 18 176 157 17 54 14 33 150 77 190 177 128 263 230 211 34 65 175 55 278 20 105 146 203 104 195 210 111 276 44 187 99 253 202 274 127 145 90 66 70 289 28 81 139 275 217 295 272 167 57 36 225 47 224 135 160 120 255 134 158 112 109 136 89 32 80 10 161 116 259 115 249 6 277 16 92 74 24 215 97 118 297 241 201 108 173 239 41 299 53 236 227 45 247 169 268 238 93 229 220 246 196 154 143 298 117 170 4 138 279 191 174 82 91 208 181 233 162 147 216 39 12 188 110 1 300 287 214 132 126 152 83 232 2 113 61 189 282 46 294 148 38 197 84 207 284 164 48 198 235 281 159 184 31 209 182 254 37 280 250 58 35 194 87 171 219 192 206 243 124 231 19 244 52 292 103 270 286
4216
204 275 166 14 226 153 216 90 110 186 198 158 130 248 184 157 212 201 149 131 64 251 102 81 144 185 49 141 83 206 276 261 117 69 245 222 297 148 71 257 2 27 282 293 281 249 200 247 234 85 33 43 99 191 199 173 61 95 159 231 175 270 104 108 45 183 227 253 112 174 263 279 208 254 195 40 113 92 145 88 121 228 274 229 114 58 78 300 146 295 182 209 109 268 284 93 35 160 172 17 181 192 292 115 118 111 32 65 211 97 169 21 205 188 232 15 278 123 165 1 103 177 290 139 29 24 178 42 57 5 236 218 3 162 101 244 59 224 176 25 96 47 36 164 16 68 53 133 72 285 107 233 34 10 60 129 9 266 243 62 135 63 122 151 296 138 82 258 134 55 116 267 7 86 54 220 161 269 287 44 277 193 84 77 51 13 179 221 202 271 152 170 210 260 4 75 132 143 190 105 213 203 52 239 30 171 147 154 250 259 48 8 289 106 196 70 89 94 22 219 79 67 265 150 37 140 26 294 207 238 41 74 39 163 246 23 119 255 283 240 167 272 38 288 168 80 291 273 91 73 31 264 194 12 125 225 217 214 241 137 19 100 252 230 126 128 155 298 124 18 56 127 76 136 142 280 262 28 46 215 256 286 223 11 50 242 87 66 156 6 189 180 20 120 299 187 237 98 235 197
4216
156 35 195 142 120 291 282 112 281 76 251 240 131 285 122 207 218 197 181 284 292 8 185 114 69 268 153 199 110 209 67 130 272 16 286 164 159 213 178 232 146 212 297 22 63 166 41 20 100 264 229 247 242 90 135 144 37 157 187 81 128 123 188 298 6 1 231 173 78 118 283 93 133 258 179 15 56 53 12 126 96 160 68 198 191 72 82 21 171 243 54 175 271 84 165 13 111 241 230 45 14 287 223 99 252 85 256 132 149 293 139 253 95 152 215 246 51 276 79 106 73 74 254 266 299 263 225 119 161 205 228 83 204 176 288 200 255 25 150 227 113 23 154 269 87 279 211 233 17 208 238 182 94 19 57 3 300 151 29 26 274 9 36 108 134 27 125 261 38 46 180 155 206 31 47 270 39 296 237 60 239 64 2 220 107 162 190 248 184 250 189 137 186 32 80 129 105 58 217 267 117 86 62 4 101 216 224 136 143 203 71 172 265 102 226 42 259 194 148 222 260 52 75 201 109 121 210 7 127 158 30 275 280 192 295 294 147 170 289 214 138 10 177 273 40 235 89 278 49 234 55 219 104 245 65 34 92 140 5 61 28 168 59 115 169 88 221 167 145 257 48 44 277 24 196 116 183 91 50 236 98 11 244 77 262 43 124 103 97 141 174 193 66 18 163 33 70 202 290 249
4216
65 83 106 74 292 16 238 286 20 57 207 216 129 67 241 193 62 36 121 124 245 290 219 25 243 33 82 108 242 5 218 49 212 268 31 87 294 203 225 195 149 8 182 34 249 110 227 199 114 181 46 91 28 197 229 228 175 42 169 61 125 1 117 187 132 291 150 40 71 273 95 235 188 274 224 51 79 295 3 244 104 45 66 256 98 78 157 206 10 222 259 41 174 140 250 204 221 2 88 138 237 119 44 262 164 208 68 151 279 209 281 130 144 232 142 48 133 24 135 200 162 29 80 185 93 90 23 17 217 211 53 173 146 223 255 9 47 178 22 163 257 14 194 285 253 89 230 192 269 137 123 220 226 176 126 276 300 170 131 50 37 179 196 155 236 293 69 120 234 92 143 111 100 278 7 165 233 264 136 298 275 265 107 122 156 213 246 168 109 201 27 11 297 158 148 299 263 154 63 139 55 254 171 141 12 38 184 271 251 289 247 145 13 35 261 260 113 248 81 272 43 191 280 198 52 127 85 54 56 152 239 282 76 283 86 210 215 6 177 183 103 128 270 153 84 172 288 167 214 19 266 284 39 99 70 118 189 60 73 166 180 64 160 287 205 75 190 240 15 277 72 4 186 115 32 161 102 159 252 94 112 267 59 105 21 18 30 26 202 58 147 258 77 116 97 134 296 101 96 231
4216
194 86 170 51 27 33 56 45 48 80 241 297 263 286 50 227 3 70 73 129 97 4 136 35 120 89 161 107 7 270 49 257 130 155 25 277 146 72 222 75 68 198 131 87 182 261 206 287 84 175 115 204 55 105 92 275 150 273 110 71 144 102 251 269 106 9 54 195 114 62 46 74 148 104 201 174 58 138 252 163 140 13 30 132 271 78 259 59 168 211 216 141 69 238 292 210 232 293 100 28 67 22 196 185 167 205 240 118 52 299 43 199 154 81 256 214 119 291 66 153 265 90 95 60 98 188 242 226 88 213 134 5 77 229 289 230 23 215 169 202 137 191 40 16 225 281 218 294 63 190 244 79 276 180 41 179 42 267 57 123 187 164 145 184 247 142 266 2 151 260 26 91 53 10 208 234 116 192 249 34 44 262 108 112 143 103 264 280 282 1 255 279 246 278 12 193 243 126 235 24 178 11 219 183 245 93 14 171 147 133 149 298 128 158 197 228 85 18 47 189 165 76 135 186 283 233 160 157 250 96 177 268 274 17 248 6 139 29 156 284 224 8 121 83 285 296 220 172 231 223 159 221 176 203 295 113 32 64 207 152 109 61 39 31 37 212 125 237 217 99 162 20 181 253 117 258 236 124 111 288 127 254 300 21 166 15 290 272 209 36 200 122 239 82 173 65 101 38 94 19
